0.00 0.000 0.000 3.00 0.7071 0 0 0.7071 0.000 0.300 0 0 0 0
0.10 0.000 0.030 3.00 0.7071 0 0 0.7071 0.000 0.300 0 0 0 0
0.20 0.000 0.061 3.00 0.7071 0 0 0.7071 0.000 0.300 0 0 0 0
0.30 0.000 0.091 3.00 0.7071 0 0 0.7071 0.000 0.300 0 0 0 0
0.40 0.000 0.121 3.00 0.7071 0 0 0.7071 0.000 0.300 0 0 0 0
0.50 0.000 0.152 3.00 0.7071 0 0 0.7071 0.000 0.300 0 0 0 0
0.60 0.000 0.182 3.00 0.7071 0 0 0.7071 0.000 0.300 0 0 0 0
0.70 0.000 0.212 3.00 0.7071 0 0 0.7071 0.000 0.300 0 0 0 0
0.80 0.000 0.242 3.00 0.7071 0 0 0.7071 0.000 0.300 0 0 0 0
0.90 0.000 0.273 3.00 0.7071 0 0 0.7071 0.000 0.300 0 0 0 0
1.00 0.000 0.303 3.00 0.7071 0 0 0.7071 0.000 0.300 0 0 0 0
1.10 0.000 0.333 3.00 0.7071 0 0 0.7071 0.000 0.300 0 0 0 0
1.20 0.000 0.364 3.00 0.7071 0 0 0.7071 0.000 0.300 0 0 0 0
1.30 0.000 0.394 3.00 0.7071 0 0 0.7071 0.000 0.300 0 0 0 0
1.40 0.000 0.424 3.00 0.7071 0 0 0.7071 0.000 0.300 0 0 0 0
1.50 0.000 0.455 3.00 0.7071 0 0 0.7071 0.000 0.300 0 0 0 0
1.60 0.000 0.485 3.00 0.7071 0 0 0.7071 0.000 0.300 0 0 0 0
1.70 0.000 0.515 3.00 0.7071 0 0 0.7071 0.000 0.300 0 0 0 0
1.80 0.000 0.545 3.00 0.7071 0 0 0.7071 0.000 0.300 0 0 0 0
1.90 0.000 0.576 3.00 0.7071 0 0 0.7071 0.000 0.300 0 0 0 0
2.00 0.000 0.606 3.00 0.7071 0 0 0.7071 0.000 0.300 0 0 0 0
2.10 0.000 0.636 3.00 0.7071 0 0 0.7071 0.000 0.300 0 0 0 0
2.20 0.000 0.667 3.00 0.7071 0 0 0.7071 0.000 0.300 0 0 0 0
2.30 0.000 0.697 3.00 0.7071 0 0 0.7071 0.000 0.300 0 0 0 0
2.40 0.000 0.727 3.00 0.7071 0 0 0.7071 0.000 0.300 0 0 0 0
2.50 0.000 0.758 3.00 0.7071 0 0 0.7071 0.000 0.300 0 0 0 0
2.60 0.000 0.788 3.00 0.7071 0 0 0.7071 0.000 0.300 0 0 0 0
2.70 0.000 0.818 3.00 0.7071 0 0 0.7071 0.000 0.300 0 0 0 0
2.80 0.000 0.848 3.00 0.7071 0 0 0.7071 0.000 0.300 0 0 0 0
2.90 0.000 0.879 3.00 0.7071 0 0 0.7071 0.000 0.300 0 0 0 0
3.00 0.000 0.909 3.00 0.7071 0 0 0.7071 0.000 0.300 0 0 0 0
3.10 0.000 0.939 3.00 0.7071 0 0 0.7071 0.000 0.300 0 0 0 0
3.20 0.000 0.970 3.00 0.7071 0 0 0.7071 0.000 0.300 0 0 0 0
3.30 0.000 1.000 3.00 0.9239 0 0 -0.3827 0.212 -0.212 0 0 0 0
3.40 0.021 0.979 3.00 0.9239 0 0 -0.3827 0.212 -0.212 0 0 0 0
3.50 0.043 0.957 3.00 0.9239 0 0 -0.3827 0.212 -0.212 0 0 0 0
3.60 0.064 0.936 3.00 0.9239 0 0 -0.3827 0.212 -0.212 0 0 0 0
3.70 0.085 0.915 3.00 0.9239 0 0 -0.3827 0.212 -0.212 0 0 0 0
3.80 0.106 0.894 3.00 0.9239 0 0 -0.3827 0.212 -0.212 0 0 0 0
3.90 0.128 0.872 3.00 0.9239 0 0 -0.3827 0.212 -0.212 0 0 0 0
4.00 0.149 0.851 3.00 0.9239 0 0 -0.3827 0.212 -0.212 0 0 0 0
4.10 0.170 0.830 3.00 0.9239 0 0 -0.3827 0.212 -0.212 0 0 0 0
4.20 0.191 0.809 3.00 0.9239 0 0 -0.3827 0.212 -0.212 0 0 0 0
4.30 0.213 0.787 3.00 0.9239 0 0 -0.3827 0.212 -0.212 0 0 0 0
4.40 0.234 0.766 3.00 0.9239 0 0 -0.3827 0.212 -0.212 0 0 0 0
4.50 0.255 0.745 3.00 0.9239 0 0 -0.3827 0.212 -0.212 0 0 0 0
4.60 0.277 0.723 3.00 0.9239 0 0 -0.3827 0.212 -0.212 0 0 0 0
4.70 0.298 0.702 3.00 0.9239 0 0 -0.3827 0.212 -0.212 0 0 0 0
4.80 0.319 0.681 3.00 0.9239 0 0 -0.3827 0.212 -0.212 0 0 0 0
4.90 0.340 0.660 3.00 0.9239 0 0 -0.3827 0.212 -0.212 0 0 0 0
5.00 0.362 0.638 3.00 0.9239 0 0 -0.3827 0.212 -0.212 0 0 0 0
5.10 0.383 0.617 3.00 0.9239 0 0 -0.3827 0.212 -0.212 0 0 0 0
5.20 0.404 0.596 3.00 0.9239 0 0 -0.3827 0.212 -0.212 0 0 0 0
5.30 0.426 0.574 3.00 0.9239 0 0 -0.3827 0.212 -0.212 0 0 0 0
5.40 0.447 0.553 3.00 0.9239 0 0 -0.3827 0.212 -0.212 0 0 0 0
5.50 0.468 0.532 3.00 0.9239 0 0 -0.3827 0.212 -0.212 0 0 0 0
5.60 0.489 0.511 3.00 0.9239 0 0 -0.3827 0.212 -0.212 0 0 0 0
5.70 0.511 0.489 3.00 0.9239 0 0 -0.3827 0.212 -0.212 0 0 0 0
5.80 0.532 0.468 3.00 0.9239 0 0 -0.3827 0.212 -0.212 0 0 0 0
5.90 0.553 0.447 3.00 0.9239 0 0 -0.3827 0.212 -0.212 0 0 0 0
6.00 0.574 0.426 3.00 0.9239 0 0 -0.3827 0.212 -0.212 0 0 0 0
6.10 0.596 0.404 3.00 0.9239 0 0 -0.3827 0.212 -0.212 0 0 0 0
6.20 0.617 0.383 3.00 0.9239 0 0 -0.3827 0.212 -0.212 0 0 0 0
6.30 0.638 0.362 3.00 0.9239 0 0 -0.3827 0.212 -0.212 0 0 0 0
6.40 0.660 0.340 3.00 0.9239 0 0 -0.3827 0.212 -0.212 0 0 0 0
6.50 0.681 0.319 3.00 0.9239 0 0 -0.3827 0.212 -0.212 0 0 0 0
6.60 0.702 0.298 3.00 0.9239 0 0 -0.3827 0.212 -0.212 0 0 0 0
6.70 0.723 0.277 3.00 0.9239 0 0 -0.3827 0.212 -0.212 0 0 0 0
6.80 0.745 0.255 3.00 0.9239 0 0 -0.3827 0.212 -0.212 0 0 0 0
6.90 0.766 0.234 3.00 0.9239 0 0 -0.3827 0.212 -0.212 0 0 0 0
7.00 0.787 0.213 3.00 0.9239 0 0 -0.3827 0.212 -0.212 0 0 0 0
7.10 0.809 0.191 3.00 0.9239 0 0 -0.3827 0.212 -0.212 0 0 0 0
7.20 0.830 0.170 3.00 0.9239 0 0 -0.3827 0.212 -0.212 0 0 0 0
7.30 0.851 0.149 3.00 0.9239 0 0 -0.3827 0.212 -0.212 0 0 0 0
7.40 0.872 0.128 3.00 0.9239 0 0 -0.3827 0.212 -0.212 0 0 0 0
7.50 0.894 0.106 3.00 0.9239 0 0 -0.3827 0.212 -0.212 0 0 0 0
7.60 0.915 0.085 3.00 0.9239 0 0 -0.3827 0.212 -0.212 0 0 0 0
7.70 0.936 0.064 3.00 0.9239 0 0 -0.3827 0.212 -0.212 0 0 0 0
7.80 0.957 0.043 3.00 0.9239 0 0 -0.3827 0.212 -0.212 0 0 0 0
7.90 0.979 0.021 3.00 0.9239 0 0 -0.3827 0.212 -0.212 0 0 0 0
8.00 1.000 0.000 3.00 0.9239 0 0 -0.3827 0.212 -0.212 0 0 0 0
8.10 1.021 -0.021 3.00 0.9239 0 0 -0.3827 0.212 -0.212 0 0 0 0
8.20 1.043 -0.043 3.00 0.9239 0 0 -0.3827 0.212 -0.212 0 0 0 0
8.30 1.064 -0.064 3.00 0.9239 0 0 -0.3827 0.212 -0.212 0 0 0 0
8.40 1.085 -0.085 3.00 0.9239 0 0 -0.3827 0.212 -0.212 0 0 0 0
8.50 1.106 -0.106 3.00 0.9239 0 0 -0.3827 0.212 -0.212 0 0 0 0
8.60 1.128 -0.128 3.00 0.9239 0 0 -0.3827 0.212 -0.212 0 0 0 0
8.70 1.149 -0.149 3.00 0.9239 0 0 -0.3827 0.212 -0.212 0 0 0 0
8.80 1.170 -0.170 3.00 0.9239 0 0 -0.3827 0.212 -0.212 0 0 0 0
8.90 1.191 -0.191 3.00 0.9239 0 0 -0.3827 0.212 -0.212 0 0 0 0
9.00 1.213 -0.213 3.00 0.9239 0 0 -0.3827 0.212 -0.212 0 0 0 0
9.10 1.234 -0.234 3.00 0.9239 0 0 -0.3827 0.212 -0.212 0 0 0 0
9.20 1.255 -0.255 3.00 0.9239 0 0 -0.3827 0.212 -0.212 0 0 0 0
9.30 1.277 -0.277 3.00 0.9239 0 0 -0.3827 0.212 -0.212 0 0 0 0
9.40 1.298 -0.298 3.00 0.9239 0 0 -0.3827 0.212 -0.212 0 0 0 0
9.50 1.319 -0.319 3.00 0.9239 0 0 -0.3827 0.212 -0.212 0 0 0 0
9.60 1.340 -0.340 3.00 0.9239 0 0 -0.3827 0.212 -0.212 0 0 0 0
9.70 1.362 -0.362 3.00 0.9239 0 0 -0.3827 0.212 -0.212 0 0 0 0
9.80 1.383 -0.383 3.00 0.9239 0 0 -0.3827 0.212 -0.212 0 0 0 0
9.90 1.404 -0.404 3.00 0.9239 0 0 -0.3827 0.212 -0.212 0 0 0 0
10.00 1.426 -0.426 3.00 0.9239 0 0 -0.3827 0.212 -0.212 0 0 0 0
10.10 1.447 -0.447 3.00 0.9239 0 0 -0.3827 0.212 -0.212 0 0 0 0
10.20 1.468 -0.468 3.00 0.9239 0 0 -0.3827 0.212 -0.212 0 0 0 0
10.30 1.489 -0.489 3.00 0.9239 0 0 -0.3827 0.212 -0.212 0 0 0 0
10.40 1.511 -0.511 3.00 0.9239 0 0 -0.3827 0.212 -0.212 0 0 0 0
10.50 1.532 -0.532 3.00 0.9239 0 0 -0.3827 0.212 -0.212 0 0 0 0
10.60 1.553 -0.553 3.00 0.9239 0 0 -0.3827 0.212 -0.212 0 0 0 0
10.70 1.574 -0.574 3.00 0.9239 0 0 -0.3827 0.212 -0.212 0 0 0 0
10.80 1.596 -0.596 3.00 0.9239 0 0 -0.3827 0.212 -0.212 0 0 0 0
10.90 1.617 -0.617 3.00 0.9239 0 0 -0.3827 0.212 -0.212 0 0 0 0
11.00 1.638 -0.638 3.00 0.9239 0 0 -0.3827 0.212 -0.212 0 0 0 0
11.10 1.660 -0.660 3.00 0.9239 0 0 -0.3827 0.212 -0.212 0 0 0 0
11.20 1.681 -0.681 3.00 0.9239 0 0 -0.3827 0.212 -0.212 0 0 0 0
11.30 1.702 -0.702 3.00 0.9239 0 0 -0.3827 0.212 -0.212 0 0 0 0
11.40 1.723 -0.723 3.00 0.9239 0 0 -0.3827 0.212 -0.212 0 0 0 0
11.50 1.745 -0.745 3.00 0.9239 0 0 -0.3827 0.212 -0.212 0 0 0 0
11.60 1.766 -0.766 3.00 0.9239 0 0 -0.3827 0.212 -0.212 0 0 0 0
11.70 1.787 -0.787 3.00 0.9239 0 0 -0.3827 0.212 -0.212 0 0 0 0
11.80 1.809 -0.809 3.00 0.9239 0 0 -0.3827 0.212 -0.212 0 0 0 0
11.90 1.830 -0.830 3.00 0.9239 0 0 -0.3827 0.212 -0.212 0 0 0 0
12.00 1.851 -0.851 3.00 0.9239 0 0 -0.3827 0.212 -0.212 0 0 0 0
12.10 1.872 -0.872 3.00 0.9239 0 0 -0.3827 0.212 -0.212 0 0 0 0
12.20 1.894 -0.894 3.00 0.9239 0 0 -0.3827 0.212 -0.212 0 0 0 0
12.30 1.915 -0.915 3.00 0.9239 0 0 -0.3827 0.212 -0.212 0 0 0 0
12.40 1.936 -0.936 3.00 0.9239 0 0 -0.3827 0.212 -0.212 0 0 0 0
12.50 1.957 -0.957 3.00 0.9239 0 0 -0.3827 0.212 -0.212 0 0 0 0
12.60 1.979 -0.979 3.00 0.9239 0 0 -0.3827 0.212 -0.212 0 0 0 0
12.70 2.000 -1.000 3.00 0.9239 0 0 0.3827 0.212 0.212 0 0 0 0
12.80 2.021 -0.979 3.00 0.9239 0 0 0.3827 0.212 0.212 0 0 0 0
12.90 2.043 -0.957 3.00 0.9239 0 0 0.3827 0.212 0.212 0 0 0 0
13.00 2.064 -0.936 3.00 0.9239 0 0 0.3827 0.212 0.212 0 0 0 0
13.10 2.085 -0.915 3.00 0.9239 0 0 0.3827 0.212 0.212 0 0 0 0
13.20 2.106 -0.894 3.00 0.9239 0 0 0.3827 0.212 0.212 0 0 0 0
13.30 2.128 -0.872 3.00 0.9239 0 0 0.3827 0.212 0.212 0 0 0 0
13.40 2.149 -0.851 3.00 0.9239 0 0 0.3827 0.212 0.212 0 0 0 0
13.50 2.170 -0.830 3.00 0.9239 0 0 0.3827 0.212 0.212 0 0 0 0
13.60 2.191 -0.809 3.00 0.9239 0 0 0.3827 0.212 0.212 0 0 0 0
13.70 2.213 -0.787 3.00 0.9239 0 0 0.3827 0.212 0.212 0 0 0 0
13.80 2.234 -0.766 3.00 0.9239 0 0 0.3827 0.212 0.212 0 0 0 0
13.90 2.255 -0.745 3.00 0.9239 0 0 0.3827 0.212 0.212 0 0 0 0
14.00 2.277 -0.723 3.00 0.9239 0 0 0.3827 0.212 0.212 0 0 0 0
14.10 2.298 -0.702 3.00 0.9239 0 0 0.3827 0.212 0.212 0 0 0 0
14.20 2.319 -0.681 3.00 0.9239 0 0 0.3827 0.212 0.212 0 0 0 0
14.30 2.340 -0.660 3.00 0.9239 0 0 0.3827 0.212 0.212 0 0 0 0
14.40 2.362 -0.638 3.00 0.9239 0 0 0.3827 0.212 0.212 0 0 0 0
14.50 2.383 -0.617 3.00 0.9239 0 0 0.3827 0.212 0.212 0 0 0 0
14.60 2.404 -0.596 3.00 0.9239 0 0 0.3827 0.212 0.212 0 0 0 0
14.70 2.426 -0.574 3.00 0.9239 0 0 0.3827 0.212 0.212 0 0 0 0
14.80 2.447 -0.553 3.00 0.9239 0 0 0.3827 0.212 0.212 0 0 0 0
14.90 2.468 -0.532 3.00 0.9239 0 0 0.3827 0.212 0.212 0 0 0 0
15.00 2.489 -0.511 3.00 0.9239 0 0 0.3827 0.212 0.212 0 0 0 0
15.10 2.511 -0.489 3.00 0.9239 0 0 0.3827 0.212 0.212 0 0 0 0
15.20 2.532 -0.468 3.00 0.9239 0 0 0.3827 0.212 0.212 0 0 0 0
15.30 2.553 -0.447 3.00 0.9239 0 0 0.3827 0.212 0.212 0 0 0 0
15.40 2.574 -0.426 3.00 0.9239 0 0 0.3827 0.212 0.212 0 0 0 0
15.50 2.596 -0.404 3.00 0.9239 0 0 0.3827 0.212 0.212 0 0 0 0
15.60 2.617 -0.383 3.00 0.9239 0 0 0.3827 0.212 0.212 0 0 0 0
15.70 2.638 -0.362 3.00 0.9239 0 0 0.3827 0.212 0.212 0 0 0 0
15.80 2.660 -0.340 3.00 0.9239 0 0 0.3827 0.212 0.212 0 0 0 0
15.90 2.681 -0.319 3.00 0.9239 0 0 0.3827 0.212 0.212 0 0 0 0
16.00 2.702 -0.298 3.00 0.9239 0 0 0.3827 0.212 0.212 0 0 0 0
16.10 2.723 -0.277 3.00 0.9239 0 0 0.3827 0.212 0.212 0 0 0 0
16.20 2.745 -0.255 3.00 0.9239 0 0 0.3827 0.212 0.212 0 0 0 0
16.30 2.766 -0.234 3.00 0.9239 0 0 0.3827 0.212 0.212 0 0 0 0
16.40 2.787 -0.213 3.00 0.9239 0 0 0.3827 0.212 0.212 0 0 0 0
16.50 2.809 -0.191 3.00 0.9239 0 0 0.3827 0.212 0.212 0 0 0 0
16.60 2.830 -0.170 3.00 0.9239 0 0 0.3827 0.212 0.212 0 0 0 0
16.70 2.851 -0.149 3.00 0.9239 0 0 0.3827 0.212 0.212 0 0 0 0
16.80 2.872 -0.128 3.00 0.9239 0 0 0.3827 0.212 0.212 0 0 0 0
16.90 2.894 -0.106 3.00 0.9239 0 0 0.3827 0.212 0.212 0 0 0 0
17.00 2.915 -0.085 3.00 0.9239 0 0 0.3827 0.212 0.212 0 0 0 0
17.10 2.936 -0.064 3.00 0.9239 0 0 0.3827 0.212 0.212 0 0 0 0
17.20 2.957 -0.043 3.00 0.9239 0 0 0.3827 0.212 0.212 0 0 0 0
17.30 2.979 -0.021 3.00 0.9239 0 0 0.3827 0.212 0.212 0 0 0 0
17.40 3.000 0.000 3.00 0.9239 0 0 0.3827 0.212 0.212 0 0 0 0
17.50 3.021 0.021 3.00 0.9239 0 0 0.3827 0.212 0.212 0 0 0 0
17.60 3.043 0.043 3.00 0.9239 0 0 0.3827 0.212 0.212 0 0 0 0
17.70 3.064 0.064 3.00 0.9239 0 0 0.3827 0.212 0.212 0 0 0 0
17.80 3.085 0.085 3.00 0.9239 0 0 0.3827 0.212 0.212 0 0 0 0
17.90 3.106 0.106 3.00 0.9239 0 0 0.3827 0.212 0.212 0 0 0 0
18.00 3.128 0.128 3.00 0.9239 0 0 0.3827 0.212 0.212 0 0 0 0
18.10 3.149 0.149 3.00 0.9239 0 0 0.3827 0.212 0.212 0 0 0 0
18.20 3.170 0.170 3.00 0.9239 0 0 0.3827 0.212 0.212 0 0 0 0
18.30 3.191 0.191 3.00 0.9239 0 0 0.3827 0.212 0.212 0 0 0 0
18.40 3.213 0.213 3.00 0.9239 0 0 0.3827 0.212 0.212 0 0 0 0
18.50 3.234 0.234 3.00 0.9239 0 0 0.3827 0.212 0.212 0 0 0 0
18.60 3.255 0.255 3.00 0.9239 0 0 0.3827 0.212 0.212 0 0 0 0
18.70 3.277 0.277 3.00 0.9239 0 0 0.3827 0.212 0.212 0 0 0 0
18.80 3.298 0.298 3.00 0.9239 0 0 0.3827 0.212 0.212 0 0 0 0
18.90 3.319 0.319 3.00 0.9239 0 0 0.3827 0.212 0.212 0 0 0 0
19.00 3.340 0.340 3.00 0.9239 0 0 0.3827 0.212 0.212 0 0 0 0
19.10 3.362 0.362 3.00 0.9239 0 0 0.3827 0.212 0.212 0 0 0 0
19.20 3.383 0.383 3.00 0.9239 0 0 0.3827 0.212 0.212 0 0 0 0
19.30 3.404 0.404 3.00 0.9239 0 0 0.3827 0.212 0.212 0 0 0 0
19.40 3.426 0.426 3.00 0.9239 0 0 0.3827 0.212 0.212 0 0 0 0
19.50 3.447 0.447 3.00 0.9239 0 0 0.3827 0.212 0.212 0 0 0 0
19.60 3.468 0.468 3.00 0.9239 0 0 0.3827 0.212 0.212 0 0 0 0
19.70 3.489 0.489 3.00 0.9239 0 0 0.3827 0.212 0.212 0 0 0 0
19.80 3.511 0.511 3.00 0.9239 0 0 0.3827 0.212 0.212 0 0 0 0
19.90 3.532 0.532 3.00 0.9239 0 0 0.3827 0.212 0.212 0 0 0 0
20.00 3.553 0.553 3.00 0.9239 0 0 0.3827 0.212 0.212 0 0 0 0
20.10 3.574 0.574 3.00 0.9239 0 0 0.3827 0.212 0.212 0 0 0 0
20.20 3.596 0.596 3.00 0.9239 0 0 0.3827 0.212 0.212 0 0 0 0
20.30 3.617 0.617 3.00 0.9239 0 0 0.3827 0.212 0.212 0 0 0 0
20.40 3.638 0.638 3.00 0.9239 0 0 0.3827 0.212 0.212 0 0 0 0
20.50 3.660 0.660 3.00 0.9239 0 0 0.3827 0.212 0.212 0 0 0 0
20.60 3.681 0.681 3.00 0.9239 0 0 0.3827 0.212 0.212 0 0 0 0
20.70 3.702 0.702 3.00 0.9239 0 0 0.3827 0.212 0.212 0 0 0 0
20.80 3.723 0.723 3.00 0.9239 0 0 0.3827 0.212 0.212 0 0 0 0
20.90 3.745 0.745 3.00 0.9239 0 0 0.3827 0.212 0.212 0 0 0 0
21.00 3.766 0.766 3.00 0.9239 0 0 0.3827 0.212 0.212 0 0 0 0
21.10 3.787 0.787 3.00 0.9239 0 0 0.3827 0.212 0.212 0 0 0 0
21.20 3.809 0.809 3.00 0.9239 0 0 0.3827 0.212 0.212 0 0 0 0
21.30 3.830 0.830 3.00 0.9239 0 0 0.3827 0.212 0.212 0 0 0 0
21.40 3.851 0.851 3.00 0.9239 0 0 0.3827 0.212 0.212 0 0 0 0
21.50 3.872 0.872 3.00 0.9239 0 0 0.3827 0.212 0.212 0 0 0 0
21.60 3.894 0.894 3.00 0.9239 0 0 0.3827 0.212 0.212 0 0 0 0
21.70 3.915 0.915 3.00 0.9239 0 0 0.3827 0.212 0.212 0 0 0 0
21.80 3.936 0.936 3.00 0.9239 0 0 0.3827 0.212 0.212 0 0 0 0
21.90 3.957 0.957 3.00 0.9239 0 0 0.3827 0.212 0.212 0 0 0 0
22.00 3.979 0.979 3.00 0.9239 0 0 0.3827 0.212 0.212 0 0 0 0
22.10 4.000 1.000 3.00 0.9239 0 0 -0.3827 0.212 -0.212 0 0 0 0
22.20 4.021 0.979 3.00 0.9239 0 0 -0.3827 0.212 -0.212 0 0 0 0
22.30 4.043 0.957 3.00 0.9239 0 0 -0.3827 0.212 -0.212 0 0 0 0
22.40 4.064 0.936 3.00 0.9239 0 0 -0.3827 0.212 -0.212 0 0 0 0
22.50 4.085 0.915 3.00 0.9239 0 0 -0.3827 0.212 -0.212 0 0 0 0
22.60 4.106 0.894 3.00 0.9239 0 0 -0.3827 0.212 -0.212 0 0 0 0
22.70 4.128 0.872 3.00 0.9239 0 0 -0.3827 0.212 -0.212 0 0 0 0
22.80 4.149 0.851 3.00 0.9239 0 0 -0.3827 0.212 -0.212 0 0 0 0
22.90 4.170 0.830 3.00 0.9239 0 0 -0.3827 0.212 -0.212 0 0 0 0
23.00 4.191 0.809 3.00 0.9239 0 0 -0.3827 0.212 -0.212 0 0 0 0
23.10 4.213 0.787 3.00 0.9239 0 0 -0.3827 0.212 -0.212 0 0 0 0
23.20 4.234 0.766 3.00 0.9239 0 0 -0.3827 0.212 -0.212 0 0 0 0
23.30 4.255 0.745 3.00 0.9239 0 0 -0.3827 0.212 -0.212 0 0 0 0
23.40 4.277 0.723 3.00 0.9239 0 0 -0.3827 0.212 -0.212 0 0 0 0
23.50 4.298 0.702 3.00 0.9239 0 0 -0.3827 0.212 -0.212 0 0 0 0
23.60 4.319 0.681 3.00 0.9239 0 0 -0.3827 0.212 -0.212 0 0 0 0
23.70 4.340 0.660 3.00 0.9239 0 0 -0.3827 0.212 -0.212 0 0 0 0
23.80 4.362 0.638 3.00 0.9239 0 0 -0.3827 0.212 -0.212 0 0 0 0
23.90 4.383 0.617 3.00 0.9239 0 0 -0.3827 0.212 -0.212 0 0 0 0
24.00 4.404 0.596 3.00 0.9239 0 0 -0.3827 0.212 -0.212 0 0 0 0
24.10 4.426 0.574 3.00 0.9239 0 0 -0.3827 0.212 -0.212 0 0 0 0
24.20 4.447 0.553 3.00 0.9239 0 0 -0.3827 0.212 -0.212 0 0 0 0
24.30 4.468 0.532 3.00 0.9239 0 0 -0.3827 0.212 -0.212 0 0 0 0
24.40 4.489 0.511 3.00 0.9239 0 0 -0.3827 0.212 -0.212 0 0 0 0
24.50 4.511 0.489 3.00 0.9239 0 0 -0.3827 0.212 -0.212 0 0 0 0
24.60 4.532 0.468 3.00 0.9239 0 0 -0.3827 0.212 -0.212 0 0 0 0
24.70 4.553 0.447 3.00 0.9239 0 0 -0.3827 0.212 -0.212 0 0 0 0
24.80 4.574 0.426 3.00 0.9239 0 0 -0.3827 0.212 -0.212 0 0 0 0
24.90 4.596 0.404 3.00 0.9239 0 0 -0.3827 0.212 -0.212 0 0 0 0
25.00 4.617 0.383 3.00 0.9239 0 0 -0.3827 0.212 -0.212 0 0 0 0
25.10 4.638 0.362 3.00 0.9239 0 0 -0.3827 0.212 -0.212 0 0 0 0
25.20 4.660 0.340 3.00 0.9239 0 0 -0.3827 0.212 -0.212 0 0 0 0
25.30 4.681 0.319 3.00 0.9239 0 0 -0.3827 0.212 -0.212 0 0 0 0
25.40 4.702 0.298 3.00 0.9239 0 0 -0.3827 0.212 -0.212 0 0 0 0
25.50 4.723 0.277 3.00 0.9239 0 0 -0.3827 0.212 -0.212 0 0 0 0
25.60 4.745 0.255 3.00 0.9239 0 0 -0.3827 0.212 -0.212 0 0 0 0
25.70 4.766 0.234 3.00 0.9239 0 0 -0.3827 0.212 -0.212 0 0 0 0
25.80 4.787 0.213 3.00 0.9239 0 0 -0.3827 0.212 -0.212 0 0 0 0
25.90 4.809 0.191 3.00 0.9239 0 0 -0.3827 0.212 -0.212 0 0 0 0
26.00 4.830 0.170 3.00 0.9239 0 0 -0.3827 0.212 -0.212 0 0 0 0
26.10 4.851 0.149 3.00 0.9239 0 0 -0.3827 0.212 -0.212 0 0 0 0
26.20 4.872 0.128 3.00 0.9239 0 0 -0.3827 0.212 -0.212 0 0 0 0
26.30 4.894 0.106 3.00 0.9239 0 0 -0.3827 0.212 -0.212 0 0 0 0
26.40 4.915 0.085 3.00 0.9239 0 0 -0.3827 0.212 -0.212 0 0 0 0
26.50 4.936 0.064 3.00 0.9239 0 0 -0.3827 0.212 -0.212 0 0 0 0
26.60 4.957 0.043 3.00 0.9239 0 0 -0.3827 0.212 -0.212 0 0 0 0
26.70 4.979 0.021 3.00 0.9239 0 0 -0.3827 0.212 -0.212 0 0 0 0
26.80 5.000 0.000 3.00 0.9239 0 0 -0.3827 0.212 -0.212 0 0 0 0
26.90 5.021 -0.021 3.00 0.9239 0 0 -0.3827 0.212 -0.212 0 0 0 0
27.00 5.043 -0.043 3.00 0.9239 0 0 -0.3827 0.212 -0.212 0 0 0 0
27.10 5.064 -0.064 3.00 0.9239 0 0 -0.3827 0.212 -0.212 0 0 0 0
27.20 5.085 -0.085 3.00 0.9239 0 0 -0.3827 0.212 -0.212 0 0 0 0
27.30 5.106 -0.106 3.00 0.9239 0 0 -0.3827 0.212 -0.212 0 0 0 0
27.40 5.128 -0.128 3.00 0.9239 0 0 -0.3827 0.212 -0.212 0 0 0 0
27.50 5.149 -0.149 3.00 0.9239 0 0 -0.3827 0.212 -0.212 0 0 0 0
27.60 5.170 -0.170 3.00 0.9239 0 0 -0.3827 0.212 -0.212 0 0 0 0
27.70 5.191 -0.191 3.00 0.9239 0 0 -0.3827 0.212 -0.212 0 0 0 0
27.80 5.213 -0.213 3.00 0.9239 0 0 -0.3827 0.212 -0.212 0 0 0 0
27.90 5.234 -0.234 3.00 0.9239 0 0 -0.3827 0.212 -0.212 0 0 0 0
28.00 5.255 -0.255 3.00 0.9239 0 0 -0.3827 0.212 -0.212 0 0 0 0
28.10 5.277 -0.277 3.00 0.9239 0 0 -0.3827 0.212 -0.212 0 0 0 0
28.20 5.298 -0.298 3.00 0.9239 0 0 -0.3827 0.212 -0.212 0 0 0 0
28.30 5.319 -0.319 3.00 0.9239 0 0 -0.3827 0.212 -0.212 0 0 0 0
28.40 5.340 -0.340 3.00 0.9239 0 0 -0.3827 0.212 -0.212 0 0 0 0
28.50 5.362 -0.362 3.00 0.9239 0 0 -0.3827 0.212 -0.212 0 0 0 0
28.60 5.383 -0.383 3.00 0.9239 0 0 -0.3827 0.212 -0.212 0 0 0 0
28.70 5.404 -0.404 3.00 0.9239 0 0 -0.3827 0.212 -0.212 0 0 0 0
28.80 5.426 -0.426 3.00 0.9239 0 0 -0.3827 0.212 -0.212 0 0 0 0
28.90 5.447 -0.447 3.00 0.9239 0 0 -0.3827 0.212 -0.212 0 0 0 0
29.00 5.468 -0.468 3.00 0.9239 0 0 -0.3827 0.212 -0.212 0 0 0 0
29.10 5.489 -0.489 3.00 0.9239 0 0 -0.3827 0.212 -0.212 0 0 0 0
29.20 5.511 -0.511 3.00 0.9239 0 0 -0.3827 0.212 -0.212 0 0 0 0
29.30 5.532 -0.532 3.00 0.9239 0 0 -0.3827 0.212 -0.212 0 0 0 0
29.40 5.553 -0.553 3.00 0.9239 0 0 -0.3827 0.212 -0.212 0 0 0 0
29.50 5.574 -0.574 3.00 0.9239 0 0 -0.3827 0.212 -0.212 0 0 0 0
29.60 5.596 -0.596 3.00 0.9239 0 0 -0.3827 0.212 -0.212 0 0 0 0
29.70 5.617 -0.617 3.00 0.9239 0 0 -0.3827 0.212 -0.212 0 0 0 0
29.80 5.638 -0.638 3.00 0.9239 0 0 -0.3827 0.212 -0.212 0 0 0 0
29.90 5.660 -0.660 3.00 0.9239 0 0 -0.3827 0.212 -0.212 0 0 0 0
30.00 5.681 -0.681 3.00 0.9239 0 0 -0.3827 0.212 -0.212 0 0 0 0
30.10 5.702 -0.702 3.00 0.9239 0 0 -0.3827 0.212 -0.212 0 0 0 0
30.20 5.723 -0.723 3.00 0.9239 0 0 -0.3827 0.212 -0.212 0 0 0 0
30.30 5.745 -0.745 3.00 0.9239 0 0 -0.3827 0.212 -0.212 0 0 0 0
30.40 5.766 -0.766 3.00 0.9239 0 0 -0.3827 0.212 -0.212 0 0 0 0
30.50 5.787 -0.787 3.00 0.9239 0 0 -0.3827 0.212 -0.212 0 0 0 0
30.60 5.809 -0.809 3.00 0.9239 0 0 -0.3827 0.212 -0.212 0 0 0 0
30.70 5.830 -0.830 3.00 0.9239 0 0 -0.3827 0.212 -0.212 0 0 0 0
30.80 5.851 -0.851 3.00 0.9239 0 0 -0.3827 0.212 -0.212 0 0 0 0
30.90 5.872 -0.872 3.00 0.9239 0 0 -0.3827 0.212 -0.212 0 0 0 0
31.00 5.894 -0.894 3.00 0.9239 0 0 -0.3827 0.212 -0.212 0 0 0 0
31.10 5.915 -0.915 3.00 0.9239 0 0 -0.3827 0.212 -0.212 0 0 0 0
31.20 5.936 -0.936 3.00 0.9239 0 0 -0.3827 0.212 -0.212 0 0 0 0
31.30 5.957 -0.957 3.00 0.9239 0 0 -0.3827 0.212 -0.212 0 0 0 0
31.40 5.979 -0.979 3.00 0.9239 0 0 -0.3827 0.212 -0.212 0 0 0 0
31.50 6.000 -1.000 3.00 0.9239 0 0 0.3827 0.212 0.212 0 0 0 0
31.60 6.021 -0.979 3.00 0.9239 0 0 0.3827 0.212 0.212 0 0 0 0
31.70 6.043 -0.957 3.00 0.9239 0 0 0.3827 0.212 0.212 0 0 0 0
31.80 6.064 -0.936 3.00 0.9239 0 0 0.3827 0.212 0.212 0 0 0 0
31.90 6.085 -0.915 3.00 0.9239 0 0 0.3827 0.212 0.212 0 0 0 0
32.00 6.106 -0.894 3.00 0.9239 0 0 0.3827 0.212 0.212 0 0 0 0
32.10 6.128 -0.872 3.00 0.9239 0 0 0.3827 0.212 0.212 0 0 0 0
32.20 6.149 -0.851 3.00 0.9239 0 0 0.3827 0.212 0.212 0 0 0 0
32.30 6.170 -0.830 3.00 0.9239 0 0 0.3827 0.212 0.212 0 0 0 0
32.40 6.191 -0.809 3.00 0.9239 0 0 0.3827 0.212 0.212 0 0 0 0
32.50 6.213 -0.787 3.00 0.9239 0 0 0.3827 0.212 0.212 0 0 0 0
32.60 6.234 -0.766 3.00 0.9239 0 0 0.3827 0.212 0.212 0 0 0 0
32.70 6.255 -0.745 3.00 0.9239 0 0 0.3827 0.212 0.212 0 0 0 0
32.80 6.277 -0.723 3.00 0.9239 0 0 0.3827 0.212 0.212 0 0 0 0
32.90 6.298 -0.702 3.00 0.9239 0 0 0.3827 0.212 0.212 0 0 0 0
33.00 6.319 -0.681 3.00 0.9239 0 0 0.3827 0.212 0.212 0 0 0 0
33.10 6.340 -0.660 3.00 0.9239 0 0 0.3827 0.212 0.212 0 0 0 0
33.20 6.362 -0.638 3.00 0.9239 0 0 0.3827 0.212 0.212 0 0 0 0
33.30 6.383 -0.617 3.00 0.9239 0 0 0.3827 0.212 0.212 0 0 0 0
33.40 6.404 -0.596 3.00 0.9239 0 0 0.3827 0.212 0.212 0 0 0 0
33.50 6.426 -0.574 3.00 0.9239 0 0 0.3827 0.212 0.212 0 0 0 0
33.60 6.447 -0.553 3.00 0.9239 0 0 0.3827 0.212 0.212 0 0 0 0
33.70 6.468 -0.532 3.00 0.9239 0 0 0.3827 0.212 0.212 0 0 0 0
33.80 6.489 -0.511 3.00 0.9239 0 0 0.3827 0.212 0.212 0 0 0 0
33.90 6.511 -0.489 3.00 0.9239 0 0 0.3827 0.212 0.212 0 0 0 0
34.00 6.532 -0.468 3.00 0.9239 0 0 0.3827 0.212 0.212 0 0 0 0
34.10 6.553 -0.447 3.00 0.9239 0 0 0.3827 0.212 0.212 0 0 0 0
34.20 6.574 -0.426 3.00 0.9239 0 0 0.3827 0.212 0.212 0 0 0 0
34.30 6.596 -0.404 3.00 0.9239 0 0 0.3827 0.212 0.212 0 0 0 0
34.40 6.617 -0.383 3.00 0.9239 0 0 0.3827 0.212 0.212 0 0 0 0
34.50 6.638 -0.362 3.00 0.9239 0 0 0.3827 0.212 0.212 0 0 0 0
34.60 6.660 -0.340 3.00 0.9239 0 0 0.3827 0.212 0.212 0 0 0 0
34.70 6.681 -0.319 3.00 0.9239 0 0 0.3827 0.212 0.212 0 0 0 0
34.80 6.702 -0.298 3.00 0.9239 0 0 0.3827 0.212 0.212 0 0 0 0
34.90 6.723 -0.277 3.00 0.9239 0 0 0.3827 0.212 0.212 0 0 0 0
35.00 6.745 -0.255 3.00 0.9239 0 0 0.3827 0.212 0.212 0 0 0 0
35.10 6.766 -0.234 3.00 0.9239 0 0 0.3827 0.212 0.212 0 0 0 0
35.20 6.787 -0.213 3.00 0.9239 0 0 0.3827 0.212 0.212 0 0 0 0
35.30 6.809 -0.191 3.00 0.9239 0 0 0.3827 0.212 0.212 0 0 0 0
35.40 6.830 -0.170 3.00 0.9239 0 0 0.3827 0.212 0.212 0 0 0 0
35.50 6.851 -0.149 3.00 0.9239 0 0 0.3827 0.212 0.212 0 0 0 0
35.60 6.872 -0.128 3.00 0.9239 0 0 0.3827 0.212 0.212 0 0 0 0
35.70 6.894 -0.106 3.00 0.9239 0 0 0.3827 0.212 0.212 0 0 0 0
35.80 6.915 -0.085 3.00 0.9239 0 0 0.3827 0.212 0.212 0 0 0 0
35.90 6.936 -0.064 3.00 0.9239 0 0 0.3827 0.212 0.212 0 0 0 0
36.00 6.957 -0.043 3.00 0.9239 0 0 0.3827 0.212 0.212 0 0 0 0
36.10 6.979 -0.021 3.00 0.9239 0 0 0.3827 0.212 0.212 0 0 0 0
36.20 7.000 0.000 3.00 0.9239 0 0 0.3827 0.212 0.212 0 0 0 0
36.30 7.021 0.021 3.00 0.9239 0 0 0.3827 0.212 0.212 0 0 0 0
36.40 7.043 0.043 3.00 0.9239 0 0 0.3827 0.212 0.212 0 0 0 0
36.50 7.064 0.064 3.00 0.9239 0 0 0.3827 0.212 0.212 0 0 0 0
36.60 7.085 0.085 3.00 0.9239 0 0 0.3827 0.212 0.212 0 0 0 0
36.70 7.106 0.106 3.00 0.9239 0 0 0.3827 0.212 0.212 0 0 0 0
36.80 7.128 0.128 3.00 0.9239 0 0 0.3827 0.212 0.212 0 0 0 0
36.90 7.149 0.149 3.00 0.9239 0 0 0.3827 0.212 0.212 0 0 0 0
37.00 7.170 0.170 3.00 0.9239 0 0 0.3827 0.212 0.212 0 0 0 0
37.10 7.191 0.191 3.00 0.9239 0 0 0.3827 0.212 0.212 0 0 0 0
37.20 7.213 0.213 3.00 0.9239 0 0 0.3827 0.212 0.212 0 0 0 0
37.30 7.234 0.234 3.00 0.9239 0 0 0.3827 0.212 0.212 0 0 0 0
37.40 7.255 0.255 3.00 0.9239 0 0 0.3827 0.212 0.212 0 0 0 0
37.50 7.277 0.277 3.00 0.9239 0 0 0.3827 0.212 0.212 0 0 0 0
37.60 7.298 0.298 3.00 0.9239 0 0 0.3827 0.212 0.212 0 0 0 0
37.70 7.319 0.319 3.00 0.9239 0 0 0.3827 0.212 0.212 0 0 0 0
37.80 7.340 0.340 3.00 0.9239 0 0 0.3827 0.212 0.212 0 0 0 0
37.90 7.362 0.362 3.00 0.9239 0 0 0.3827 0.212 0.212 0 0 0 0
38.00 7.383 0.383 3.00 0.9239 0 0 0.3827 0.212 0.212 0 0 0 0
38.10 7.404 0.404 3.00 0.9239 0 0 0.3827 0.212 0.212 0 0 0 0
38.20 7.426 0.426 3.00 0.9239 0 0 0.3827 0.212 0.212 0 0 0 0
38.30 7.447 0.447 3.00 0.9239 0 0 0.3827 0.212 0.212 0 0 0 0
38.40 7.468 0.468 3.00 0.9239 0 0 0.3827 0.212 0.212 0 0 0 0
38.50 7.489 0.489 3.00 0.9239 0 0 0.3827 0.212 0.212 0 0 0 0
38.60 7.511 0.511 3.00 0.9239 0 0 0.3827 0.212 0.212 0 0 0 0
38.70 7.532 0.532 3.00 0.9239 0 0 0.3827 0.212 0.212 0 0 0 0
38.80 7.553 0.553 3.00 0.9239 0 0 0.3827 0.212 0.212 0 0 0 0
38.90 7.574 0.574 3.00 0.9239 0 0 0.3827 0.212 0.212 0 0 0 0
39.00 7.596 0.596 3.00 0.9239 0 0 0.3827 0.212 0.212 0 0 0 0
39.10 7.617 0.617 3.00 0.9239 0 0 0.3827 0.212 0.212 0 0 0 0
39.20 7.638 0.638 3.00 0.9239 0 0 0.3827 0.212 0.212 0 0 0 0
39.30 7.660 0.660 3.00 0.9239 0 0 0.3827 0.212 0.212 0 0 0 0
39.40 7.681 0.681 3.00 0.9239 0 0 0.3827 0.212 0.212 0 0 0 0
39.50 7.702 0.702 3.00 0.9239 0 0 0.3827 0.212 0.212 0 0 0 0
39.60 7.723 0.723 3.00 0.9239 0 0 0.3827 0.212 0.212 0 0 0 0
39.70 7.745 0.745 3.00 0.9239 0 0 0.3827 0.212 0.212 0 0 0 0
39.80 7.766 0.766 3.00 0.9239 0 0 0.3827 0.212 0.212 0 0 0 0
39.90 7.787 0.787 3.00 0.9239 0 0 0.3827 0.212 0.212 0 0 0 0
40.00 7.809 0.809 3.00 0.9239 0 0 0.3827 0.212 0.212 0 0 0 0
40.10 7.830 0.830 3.00 0.9239 0 0 0.3827 0.212 0.212 0 0 0 0
40.20 7.851 0.851 3.00 0.9239 0 0 0.3827 0.212 0.212 0 0 0 0
40.30 7.872 0.872 3.00 0.9239 0 0 0.3827 0.212 0.212 0 0 0 0
40.40 7.894 0.894 3.00 0.9239 0 0 0.3827 0.212 0.212 0 0 0 0
40.50 7.915 0.915 3.00 0.9239 0 0 0.3827 0.212 0.212 0 0 0 0
40.60 7.936 0.936 3.00 0.9239 0 0 0.3827 0.212 0.212 0 0 0 0
40.70 7.957 0.957 3.00 0.9239 0 0 0.3827 0.212 0.212 0 0 0 0
40.80 7.979 0.979 3.00 0.9239 0 0 0.3827 0.212 0.212 0 0 0 0
40.90 8.000 1.000 3.00 0.9239 0 0 -0.3827 0.212 -0.212 0 0 0 0
41.00 8.021 0.979 3.00 0.9239 0 0 -0.3827 0.212 -0.212 0 0 0 0
41.10 8.043 0.957 3.00 0.9239 0 0 -0.3827 0.212 -0.212 0 0 0 0
41.20 8.064 0.936 3.00 0.9239 0 0 -0.3827 0.212 -0.212 0 0 0 0
41.30 8.085 0.915 3.00 0.9239 0 0 -0.3827 0.212 -0.212 0 0 0 0
41.40 8.106 0.894 3.00 0.9239 0 0 -0.3827 0.212 -0.212 0 0 0 0
41.50 8.128 0.872 3.00 0.9239 0 0 -0.3827 0.212 -0.212 0 0 0 0
41.60 8.149 0.851 3.00 0.9239 0 0 -0.3827 0.212 -0.212 0 0 0 0
41.70 8.170 0.830 3.00 0.9239 0 0 -0.3827 0.212 -0.212 0 0 0 0
41.80 8.191 0.809 3.00 0.9239 0 0 -0.3827 0.212 -0.212 0 0 0 0
41.90 8.213 0.787 3.00 0.9239 0 0 -0.3827 0.212 -0.212 0 0 0 0
42.00 8.234 0.766 3.00 0.9239 0 0 -0.3827 0.212 -0.212 0 0 0 0
42.10 8.255 0.745 3.00 0.9239 0 0 -0.3827 0.212 -0.212 0 0 0 0
42.20 8.277 0.723 3.00 0.9239 0 0 -0.3827 0.212 -0.212 0 0 0 0
42.30 8.298 0.702 3.00 0.9239 0 0 -0.3827 0.212 -0.212 0 0 0 0
42.40 8.319 0.681 3.00 0.9239 0 0 -0.3827 0.212 -0.212 0 0 0 0
42.50 8.340 0.660 3.00 0.9239 0 0 -0.3827 0.212 -0.212 0 0 0 0
42.60 8.362 0.638 3.00 0.9239 0 0 -0.3827 0.212 -0.212 0 0 0 0
42.70 8.383 0.617 3.00 0.9239 0 0 -0.3827 0.212 -0.212 0 0 0 0
42.80 8.404 0.596 3.00 0.9239 0 0 -0.3827 0.212 -0.212 0 0 0 0
42.90 8.426 0.574 3.00 0.9239 0 0 -0.3827 0.212 -0.212 0 0 0 0
43.00 8.447 0.553 3.00 0.9239 0 0 -0.3827 0.212 -0.212 0 0 0 0
43.10 8.468 0.532 3.00 0.9239 0 0 -0.3827 0.212 -0.212 0 0 0 0
43.20 8.489 0.511 3.00 0.9239 0 0 -0.3827 0.212 -0.212 0 0 0 0
43.30 8.511 0.489 3.00 0.9239 0 0 -0.3827 0.212 -0.212 0 0 0 0
43.40 8.532 0.468 3.00 0.9239 0 0 -0.3827 0.212 -0.212 0 0 0 0
43.50 8.553 0.447 3.00 0.9239 0 0 -0.3827 0.212 -0.212 0 0 0 0
43.60 8.574 0.426 3.00 0.9239 0 0 -0.3827 0.212 -0.212 0 0 0 0
43.70 8.596 0.404 3.00 0.9239 0 0 -0.3827 0.212 -0.212 0 0 0 0
43.80 8.617 0.383 3.00 0.9239 0 0 -0.3827 0.212 -0.212 0 0 0 0
43.90 8.638 0.362 3.00 0.9239 0 0 -0.3827 0.212 -0.212 0 0 0 0
44.00 8.660 0.340 3.00 0.9239 0 0 -0.3827 0.212 -0.212 0 0 0 0
44.10 8.681 0.319 3.00 0.9239 0 0 -0.3827 0.212 -0.212 0 0 0 0
44.20 8.702 0.298 3.00 0.9239 0 0 -0.3827 0.212 -0.212 0 0 0 0
44.30 8.723 0.277 3.00 0.9239 0 0 -0.3827 0.212 -0.212 0 0 0 0
44.40 8.745 0.255 3.00 0.9239 0 0 -0.3827 0.212 -0.212 0 0 0 0
44.50 8.766 0.234 3.00 0.9239 0 0 -0.3827 0.212 -0.212 0 0 0 0
44.60 8.787 0.213 3.00 0.9239 0 0 -0.3827 0.212 -0.212 0 0 0 0
44.70 8.809 0.191 3.00 0.9239 0 0 -0.3827 0.212 -0.212 0 0 0 0
44.80 8.830 0.170 3.00 0.9239 0 0 -0.3827 0.212 -0.212 0 0 0 0
44.90 8.851 0.149 3.00 0.9239 0 0 -0.3827 0.212 -0.212 0 0 0 0
45.00 8.872 0.128 3.00 0.9239 0 0 -0.3827 0.212 -0.212 0 0 0 0
45.10 8.894 0.106 3.00 0.9239 0 0 -0.3827 0.212 -0.212 0 0 0 0
45.20 8.915 0.085 3.00 0.9239 0 0 -0.3827 0.212 -0.212 0 0 0 0
45.30 8.936 0.064 3.00 0.9239 0 0 -0.3827 0.212 -0.212 0 0 0 0
45.40 8.957 0.043 3.00 0.9239 0 0 -0.3827 0.212 -0.212 0 0 0 0
45.50 8.979 0.021 3.00 0.9239 0 0 -0.3827 0.212 -0.212 0 0 0 0
45.60 9.000 0.000 3.00 0.9239 0 0 -0.3827 0.212 -0.212 0 0 0 0
45.70 9.021 -0.021 3.00 0.9239 0 0 -0.3827 0.212 -0.212 0 0 0 0
45.80 9.043 -0.043 3.00 0.9239 0 0 -0.3827 0.212 -0.212 0 0 0 0
45.90 9.064 -0.064 3.00 0.9239 0 0 -0.3827 0.212 -0.212 0 0 0 0
46.00 9.085 -0.085 3.00 0.9239 0 0 -0.3827 0.212 -0.212 0 0 0 0
46.10 9.106 -0.106 3.00 0.9239 0 0 -0.3827 0.212 -0.212 0 0 0 0
46.20 9.128 -0.128 3.00 0.9239 0 0 -0.3827 0.212 -0.212 0 0 0 0
46.30 9.149 -0.149 3.00 0.9239 0 0 -0.3827 0.212 -0.212 0 0 0 0
46.40 9.170 -0.170 3.00 0.9239 0 0 -0.3827 0.212 -0.212 0 0 0 0
46.50 9.191 -0.191 3.00 0.9239 0 0 -0.3827 0.212 -0.212 0 0 0 0
46.60 9.213 -0.213 3.00 0.9239 0 0 -0.3827 0.212 -0.212 0 0 0 0
46.70 9.234 -0.234 3.00 0.9239 0 0 -0.3827 0.212 -0.212 0 0 0 0
46.80 9.255 -0.255 3.00 0.9239 0 0 -0.3827 0.212 -0.212 0 0 0 0
46.90 9.277 -0.277 3.00 0.9239 0 0 -0.3827 0.212 -0.212 0 0 0 0
47.00 9.298 -0.298 3.00 0.9239 0 0 -0.3827 0.212 -0.212 0 0 0 0
47.10 9.319 -0.319 3.00 0.9239 0 0 -0.3827 0.212 -0.212 0 0 0 0
47.20 9.340 -0.340 3.00 0.9239 0 0 -0.3827 0.212 -0.212 0 0 0 0
47.30 9.362 -0.362 3.00 0.9239 0 0 -0.3827 0.212 -0.212 0 0 0 0
47.40 9.383 -0.383 3.00 0.9239 0 0 -0.3827 0.212 -0.212 0 0 0 0
47.50 9.404 -0.404 3.00 0.9239 0 0 -0.3827 0.212 -0.212 0 0 0 0
47.60 9.426 -0.426 3.00 0.9239 0 0 -0.3827 0.212 -0.212 0 0 0 0
47.70 9.447 -0.447 3.00 0.9239 0 0 -0.3827 0.212 -0.212 0 0 0 0
47.80 9.468 -0.468 3.00 0.9239 0 0 -0.3827 0.212 -0.212 0 0 0 0
47.90 9.489 -0.489 3.00 0.9239 0 0 -0.3827 0.212 -0.212 0 0 0 0
48.00 9.511 -0.511 3.00 0.9239 0 0 -0.3827 0.212 -0.212 0 0 0 0
48.10 9.532 -0.532 3.00 0.9239 0 0 -0.3827 0.212 -0.212 0 0 0 0
48.20 9.553 -0.553 3.00 0.9239 0 0 -0.3827 0.212 -0.212 0 0 0 0
48.30 9.574 -0.574 3.00 0.9239 0 0 -0.3827 0.212 -0.212 0 0 0 0
48.40 9.596 -0.596 3.00 0.9239 0 0 -0.3827 0.212 -0.212 0 0 0 0
48.50 9.617 -0.617 3.00 0.9239 0 0 -0.3827 0.212 -0.212 0 0 0 0
48.60 9.638 -0.638 3.00 0.9239 0 0 -0.3827 0.212 -0.212 0 0 0 0
48.70 9.660 -0.660 3.00 0.9239 0 0 -0.3827 0.212 -0.212 0 0 0 0
48.80 9.681 -0.681 3.00 0.9239 0 0 -0.3827 0.212 -0.212 0 0 0 0
48.90 9.702 -0.702 3.00 0.9239 0 0 -0.3827 0.212 -0.212 0 0 0 0
49.00 9.723 -0.723 3.00 0.9239 0 0 -0.3827 0.212 -0.212 0 0 0 0
49.10 9.745 -0.745 3.00 0.9239 0 0 -0.3827 0.212 -0.212 0 0 0 0
49.20 9.766 -0.766 3.00 0.9239 0 0 -0.3827 0.212 -0.212 0 0 0 0
49.30 9.787 -0.787 3.00 0.9239 0 0 -0.3827 0.212 -0.212 0 0 0 0
49.40 9.809 -0.809 3.00 0.9239 0 0 -0.3827 0.212 -0.212 0 0 0 0
49.50 9.830 -0.830 3.00 0.9239 0 0 -0.3827 0.212 -0.212 0 0 0 0
49.60 9.851 -0.851 3.00 0.9239 0 0 -0.3827 0.212 -0.212 0 0 0 0
49.70 9.872 -0.872 3.00 0.9239 0 0 -0.3827 0.212 -0.212 0 0 0 0
49.80 9.894 -0.894 3.00 0.9239 0 0 -0.3827 0.212 -0.212 0 0 0 0
49.90 9.915 -0.915 3.00 0.9239 0 0 -0.3827 0.212 -0.212 0 0 0 0
50.00 9.936 -0.936 3.00 0.9239 0 0 -0.3827 0.212 -0.212 0 0 0 0
50.10 9.957 -0.957 3.00 0.9239 0 0 -0.3827 0.212 -0.212 0 0 0 0
50.20 9.979 -0.979 3.00 0.9239 0 0 -0.3827 0.212 -0.212 0 0 0 0
50.30 10.000 -1.000 3.00 0.9732 0 0 0.2298 0.268 0.134 0 0 0 0
50.40 10.027 -0.986 3.00 0.9732 0 0 0.2298 0.268 0.134 0 0 0 0
50.50 10.054 -0.973 3.00 0.9732 0 0 0.2298 0.268 0.134 0 0 0 0
50.60 10.081 -0.959 3.00 0.9732 0 0 0.2298 0.268 0.134 0 0 0 0
50.70 10.108 -0.946 3.00 0.9732 0 0 0.2298 0.268 0.134 0 0 0 0
50.80 10.135 -0.932 3.00 0.9732 0 0 0.2298 0.268 0.134 0 0 0 0
50.90 10.162 -0.919 3.00 0.9732 0 0 0.2298 0.268 0.134 0 0 0 0
51.00 10.189 -0.905 3.00 0.9732 0 0 0.2298 0.268 0.134 0 0 0 0
51.10 10.216 -0.892 3.00 0.9732 0 0 0.2298 0.268 0.134 0 0 0 0
51.20 10.243 -0.878 3.00 0.9732 0 0 0.2298 0.268 0.134 0 0 0 0
51.30 10.270 -0.865 3.00 0.9732 0 0 0.2298 0.268 0.134 0 0 0 0
51.40 10.297 -0.851 3.00 0.9732 0 0 0.2298 0.268 0.134 0 0 0 0
51.50 10.324 -0.838 3.00 0.9732 0 0 0.2298 0.268 0.134 0 0 0 0
51.60 10.351 -0.824 3.00 0.9732 0 0 0.2298 0.268 0.134 0 0 0 0
51.70 10.378 -0.811 3.00 0.9732 0 0 0.2298 0.268 0.134 0 0 0 0
51.80 10.405 -0.797 3.00 0.9732 0 0 0.2298 0.268 0.134 0 0 0 0
51.90 10.432 -0.784 3.00 0.9732 0 0 0.2298 0.268 0.134 0 0 0 0
52.00 10.459 -0.770 3.00 0.9732 0 0 0.2298 0.268 0.134 0 0 0 0
52.10 10.486 -0.757 3.00 0.9732 0 0 0.2298 0.268 0.134 0 0 0 0
52.20 10.514 -0.743 3.00 0.9732 0 0 0.2298 0.268 0.134 0 0 0 0
52.30 10.541 -0.730 3.00 0.9732 0 0 0.2298 0.268 0.134 0 0 0 0
52.40 10.568 -0.716 3.00 0.9732 0 0 0.2298 0.268 0.134 0 0 0 0
52.50 10.595 -0.703 3.00 0.9732 0 0 0.2298 0.268 0.134 0 0 0 0
52.60 10.622 -0.689 3.00 0.9732 0 0 0.2298 0.268 0.134 0 0 0 0
52.70 10.649 -0.676 3.00 0.9732 0 0 0.2298 0.268 0.134 0 0 0 0
52.80 10.676 -0.662 3.00 0.9732 0 0 0.2298 0.268 0.134 0 0 0 0
52.90 10.703 -0.649 3.00 0.9732 0 0 0.2298 0.268 0.134 0 0 0 0
53.00 10.730 -0.635 3.00 0.9732 0 0 0.2298 0.268 0.134 0 0 0 0
53.10 10.757 -0.622 3.00 0.9732 0 0 0.2298 0.268 0.134 0 0 0 0
53.20 10.784 -0.608 3.00 0.9732 0 0 0.2298 0.268 0.134 0 0 0 0
53.30 10.811 -0.595 3.00 0.9732 0 0 0.2298 0.268 0.134 0 0 0 0
53.40 10.838 -0.581 3.00 0.9732 0 0 0.2298 0.268 0.134 0 0 0 0
53.50 10.865 -0.568 3.00 0.9732 0 0 0.2298 0.268 0.134 0 0 0 0
53.60 10.892 -0.554 3.00 0.9732 0 0 0.2298 0.268 0.134 0 0 0 0
53.70 10.919 -0.541 3.00 0.9732 0 0 0.2298 0.268 0.134 0 0 0 0
53.80 10.946 -0.527 3.00 0.9732 0 0 0.2298 0.268 0.134 0 0 0 0
53.90 10.973 -0.514 3.00 0.9732 0 0 0.2298 0.268 0.134 0 0 0 0
54.00 11.000 -0.500 3.00 0.9732 0 0 0.2298 0.268 0.134 0 0 0 0
54.10 11.027 -0.486 3.00 0.9732 0 0 0.2298 0.268 0.134 0 0 0 0
54.20 11.054 -0.473 3.00 0.9732 0 0 0.2298 0.268 0.134 0 0 0 0
54.30 11.081 -0.459 3.00 0.9732 0 0 0.2298 0.268 0.134 0 0 0 0
54.40 11.108 -0.446 3.00 0.9732 0 0 0.2298 0.268 0.134 0 0 0 0
54.50 11.135 -0.432 3.00 0.9732 0 0 0.2298 0.268 0.134 0 0 0 0
54.60 11.162 -0.419 3.00 0.9732 0 0 0.2298 0.268 0.134 0 0 0 0
54.70 11.189 -0.405 3.00 0.9732 0 0 0.2298 0.268 0.134 0 0 0 0
54.80 11.216 -0.392 3.00 0.9732 0 0 0.2298 0.268 0.134 0 0 0 0
54.90 11.243 -0.378 3.00 0.9732 0 0 0.2298 0.268 0.134 0 0 0 0
55.00 11.270 -0.365 3.00 0.9732 0 0 0.2298 0.268 0.134 0 0 0 0
55.10 11.297 -0.351 3.00 0.9732 0 0 0.2298 0.268 0.134 0 0 0 0
55.20 11.324 -0.338 3.00 0.9732 0 0 0.2298 0.268 0.134 0 0 0 0
55.30 11.351 -0.324 3.00 0.9732 0 0 0.2298 0.268 0.134 0 0 0 0
55.40 11.378 -0.311 3.00 0.9732 0 0 0.2298 0.268 0.134 0 0 0 0
55.50 11.405 -0.297 3.00 0.9732 0 0 0.2298 0.268 0.134 0 0 0 0
55.60 11.432 -0.284 3.00 0.9732 0 0 0.2298 0.268 0.134 0 0 0 0
55.70 11.459 -0.270 3.00 0.9732 0 0 0.2298 0.268 0.134 0 0 0 0
55.80 11.486 -0.257 3.00 0.9732 0 0 0.2298 0.268 0.134 0 0 0 0
55.90 11.514 -0.243 3.00 0.9732 0 0 0.2298 0.268 0.134 0 0 0 0
56.00 11.541 -0.230 3.00 0.9732 0 0 0.2298 0.268 0.134 0 0 0 0
56.10 11.568 -0.216 3.00 0.9732 0 0 0.2298 0.268 0.134 0 0 0 0
56.20 11.595 -0.203 3.00 0.9732 0 0 0.2298 0.268 0.134 0 0 0 0
56.30 11.622 -0.189 3.00 0.9732 0 0 0.2298 0.268 0.134 0 0 0 0
56.40 11.649 -0.176 3.00 0.9732 0 0 0.2298 0.268 0.134 0 0 0 0
56.50 11.676 -0.162 3.00 0.9732 0 0 0.2298 0.268 0.134 0 0 0 0
56.60 11.703 -0.149 3.00 0.9732 0 0 0.2298 0.268 0.134 0 0 0 0
56.70 11.730 -0.135 3.00 0.9732 0 0 0.2298 0.268 0.134 0 0 0 0
56.80 11.757 -0.122 3.00 0.9732 0 0 0.2298 0.268 0.134 0 0 0 0
56.90 11.784 -0.108 3.00 0.9732 0 0 0.2298 0.268 0.134 0 0 0 0
57.00 11.811 -0.095 3.00 0.9732 0 0 0.2298 0.268 0.134 0 0 0 0
57.10 11.838 -0.081 3.00 0.9732 0 0 0.2298 0.268 0.134 0 0 0 0
57.20 11.865 -0.068 3.00 0.9732 0 0 0.2298 0.268 0.134 0 0 0 0
57.30 11.892 -0.054 3.00 0.9732 0 0 0.2298 0.268 0.134 0 0 0 0
57.40 11.919 -0.041 3.00 0.9732 0 0 0.2298 0.268 0.134 0 0 0 0
57.50 11.946 -0.027 3.00 0.9732 0 0 0.2298 0.268 0.134 0 0 0 0
57.60 11.973 -0.014 3.00 0.9732 0 0 0.2298 0.268 0.134 0 0 0 0
57.70 12.000 0.000 3.00 0.2298 0 0 -0.9732 -0.268 -0.134 0 0 0 0
57.80 11.973 -0.014 3.00 0.2298 0 0 -0.9732 -0.268 -0.134 0 0 0 0
57.90 11.946 -0.027 3.00 0.2298 0 0 -0.9732 -0.268 -0.134 0 0 0 0
58.00 11.919 -0.041 3.00 0.2298 0 0 -0.9732 -0.268 -0.134 0 0 0 0
58.10 11.892 -0.054 3.00 0.2298 0 0 -0.9732 -0.268 -0.134 0 0 0 0
58.20 11.865 -0.068 3.00 0.2298 0 0 -0.9732 -0.268 -0.134 0 0 0 0
58.30 11.838 -0.081 3.00 0.2298 0 0 -0.9732 -0.268 -0.134 0 0 0 0
58.40 11.811 -0.095 3.00 0.2298 0 0 -0.9732 -0.268 -0.134 0 0 0 0
58.50 11.784 -0.108 3.00 0.2298 0 0 -0.9732 -0.268 -0.134 0 0 0 0
58.60 11.757 -0.122 3.00 0.2298 0 0 -0.9732 -0.268 -0.134 0 0 0 0
58.70 11.730 -0.135 3.00 0.2298 0 0 -0.9732 -0.268 -0.134 0 0 0 0
58.80 11.703 -0.149 3.00 0.2298 0 0 -0.9732 -0.268 -0.134 0 0 0 0
58.90 11.676 -0.162 3.00 0.2298 0 0 -0.9732 -0.268 -0.134 0 0 0 0
59.00 11.649 -0.176 3.00 0.2298 0 0 -0.9732 -0.268 -0.134 0 0 0 0
59.10 11.622 -0.189 3.00 0.2298 0 0 -0.9732 -0.268 -0.134 0 0 0 0
59.20 11.595 -0.203 3.00 0.2298 0 0 -0.9732 -0.268 -0.134 0 0 0 0
59.30 11.568 -0.216 3.00 0.2298 0 0 -0.9732 -0.268 -0.134 0 0 0 0
59.40 11.541 -0.230 3.00 0.2298 0 0 -0.9732 -0.268 -0.134 0 0 0 0
59.50 11.514 -0.243 3.00 0.2298 0 0 -0.9732 -0.268 -0.134 0 0 0 0
59.60 11.486 -0.257 3.00 0.2298 0 0 -0.9732 -0.268 -0.134 0 0 0 0
59.70 11.459 -0.270 3.00 0.2298 0 0 -0.9732 -0.268 -0.134 0 0 0 0
59.80 11.432 -0.284 3.00 0.2298 0 0 -0.9732 -0.268 -0.134 0 0 0 0
59.90 11.405 -0.297 3.00 0.2298 0 0 -0.9732 -0.268 -0.134 0 0 0 0
60.00 11.378 -0.311 3.00 0.2298 0 0 -0.9732 -0.268 -0.134 0 0 0 0
60.10 11.351 -0.324 3.00 0.2298 0 0 -0.9732 -0.268 -0.134 0 0 0 0
60.20 11.324 -0.338 3.00 0.2298 0 0 -0.9732 -0.268 -0.134 0 0 0 0
60.30 11.297 -0.351 3.00 0.2298 0 0 -0.9732 -0.268 -0.134 0 0 0 0
60.40 11.270 -0.365 3.00 0.2298 0 0 -0.9732 -0.268 -0.134 0 0 0 0
60.50 11.243 -0.378 3.00 0.2298 0 0 -0.9732 -0.268 -0.134 0 0 0 0
60.60 11.216 -0.392 3.00 0.2298 0 0 -0.9732 -0.268 -0.134 0 0 0 0
60.70 11.189 -0.405 3.00 0.2298 0 0 -0.9732 -0.268 -0.134 0 0 0 0
60.80 11.162 -0.419 3.00 0.2298 0 0 -0.9732 -0.268 -0.134 0 0 0 0
60.90 11.135 -0.432 3.00 0.2298 0 0 -0.9732 -0.268 -0.134 0 0 0 0
61.00 11.108 -0.446 3.00 0.2298 0 0 -0.9732 -0.268 -0.134 0 0 0 0
61.10 11.081 -0.459 3.00 0.2298 0 0 -0.9732 -0.268 -0.134 0 0 0 0
61.20 11.054 -0.473 3.00 0.2298 0 0 -0.9732 -0.268 -0.134 0 0 0 0
61.30 11.027 -0.486 3.00 0.2298 0 0 -0.9732 -0.268 -0.134 0 0 0 0
61.40 11.000 -0.500 3.00 0.2298 0 0 -0.9732 -0.268 -0.134 0 0 0 0
61.50 10.973 -0.514 3.00 0.2298 0 0 -0.9732 -0.268 -0.134 0 0 0 0
61.60 10.946 -0.527 3.00 0.2298 0 0 -0.9732 -0.268 -0.134 0 0 0 0
61.70 10.919 -0.541 3.00 0.2298 0 0 -0.9732 -0.268 -0.134 0 0 0 0
61.80 10.892 -0.554 3.00 0.2298 0 0 -0.9732 -0.268 -0.134 0 0 0 0
61.90 10.865 -0.568 3.00 0.2298 0 0 -0.9732 -0.268 -0.134 0 0 0 0
62.00 10.838 -0.581 3.00 0.2298 0 0 -0.9732 -0.268 -0.134 0 0 0 0
62.10 10.811 -0.595 3.00 0.2298 0 0 -0.9732 -0.268 -0.134 0 0 0 0
62.20 10.784 -0.608 3.00 0.2298 0 0 -0.9732 -0.268 -0.134 0 0 0 0
62.30 10.757 -0.622 3.00 0.2298 0 0 -0.9732 -0.268 -0.134 0 0 0 0
62.40 10.730 -0.635 3.00 0.2298 0 0 -0.9732 -0.268 -0.134 0 0 0 0
62.50 10.703 -0.649 3.00 0.2298 0 0 -0.9732 -0.268 -0.134 0 0 0 0
62.60 10.676 -0.662 3.00 0.2298 0 0 -0.9732 -0.268 -0.134 0 0 0 0
62.70 10.649 -0.676 3.00 0.2298 0 0 -0.9732 -0.268 -0.134 0 0 0 0
62.80 10.622 -0.689 3.00 0.2298 0 0 -0.9732 -0.268 -0.134 0 0 0 0
62.90 10.595 -0.703 3.00 0.2298 0 0 -0.9732 -0.268 -0.134 0 0 0 0
63.00 10.568 -0.716 3.00 0.2298 0 0 -0.9732 -0.268 -0.134 0 0 0 0
63.10 10.541 -0.730 3.00 0.2298 0 0 -0.9732 -0.268 -0.134 0 0 0 0
63.20 10.514 -0.743 3.00 0.2298 0 0 -0.9732 -0.268 -0.134 0 0 0 0
63.30 10.486 -0.757 3.00 0.2298 0 0 -0.9732 -0.268 -0.134 0 0 0 0
63.40 10.459 -0.770 3.00 0.2298 0 0 -0.9732 -0.268 -0.134 0 0 0 0
63.50 10.432 -0.784 3.00 0.2298 0 0 -0.9732 -0.268 -0.134 0 0 0 0
63.60 10.405 -0.797 3.00 0.2298 0 0 -0.9732 -0.268 -0.134 0 0 0 0
63.70 10.378 -0.811 3.00 0.2298 0 0 -0.9732 -0.268 -0.134 0 0 0 0
63.80 10.351 -0.824 3.00 0.2298 0 0 -0.9732 -0.268 -0.134 0 0 0 0
63.90 10.324 -0.838 3.00 0.2298 0 0 -0.9732 -0.268 -0.134 0 0 0 0
64.00 10.297 -0.851 3.00 0.2298 0 0 -0.9732 -0.268 -0.134 0 0 0 0
64.10 10.270 -0.865 3.00 0.2298 0 0 -0.9732 -0.268 -0.134 0 0 0 0
64.20 10.243 -0.878 3.00 0.2298 0 0 -0.9732 -0.268 -0.134 0 0 0 0
64.30 10.216 -0.892 3.00 0.2298 0 0 -0.9732 -0.268 -0.134 0 0 0 0
64.40 10.189 -0.905 3.00 0.2298 0 0 -0.9732 -0.268 -0.134 0 0 0 0
64.50 10.162 -0.919 3.00 0.2298 0 0 -0.9732 -0.268 -0.134 0 0 0 0
64.60 10.135 -0.932 3.00 0.2298 0 0 -0.9732 -0.268 -0.134 0 0 0 0
64.70 10.108 -0.946 3.00 0.2298 0 0 -0.9732 -0.268 -0.134 0 0 0 0
64.80 10.081 -0.959 3.00 0.2298 0 0 -0.9732 -0.268 -0.134 0 0 0 0
64.90 10.054 -0.973 3.00 0.2298 0 0 -0.9732 -0.268 -0.134 0 0 0 0
65.00 10.027 -0.986 3.00 0.2298 0 0 -0.9732 -0.268 -0.134 0 0 0 0
65.10 10.000 -1.000 3.00 0.3827 0 0 0.9239 -0.212 0.212 0 0 0 0
65.20 9.979 -0.979 3.00 0.3827 0 0 0.9239 -0.212 0.212 0 0 0 0
65.30 9.957 -0.957 3.00 0.3827 0 0 0.9239 -0.212 0.212 0 0 0 0
65.40 9.936 -0.936 3.00 0.3827 0 0 0.9239 -0.212 0.212 0 0 0 0
65.50 9.915 -0.915 3.00 0.3827 0 0 0.9239 -0.212 0.212 0 0 0 0
65.60 9.894 -0.894 3.00 0.3827 0 0 0.9239 -0.212 0.212 0 0 0 0
65.70 9.872 -0.872 3.00 0.3827 0 0 0.9239 -0.212 0.212 0 0 0 0
65.80 9.851 -0.851 3.00 0.3827 0 0 0.9239 -0.212 0.212 0 0 0 0
65.90 9.830 -0.830 3.00 0.3827 0 0 0.9239 -0.212 0.212 0 0 0 0
66.00 9.809 -0.809 3.00 0.3827 0 0 0.9239 -0.212 0.212 0 0 0 0
66.10 9.787 -0.787 3.00 0.3827 0 0 0.9239 -0.212 0.212 0 0 0 0
66.20 9.766 -0.766 3.00 0.3827 0 0 0.9239 -0.212 0.212 0 0 0 0
66.30 9.745 -0.745 3.00 0.3827 0 0 0.9239 -0.212 0.212 0 0 0 0
66.40 9.723 -0.723 3.00 0.3827 0 0 0.9239 -0.212 0.212 0 0 0 0
66.50 9.702 -0.702 3.00 0.3827 0 0 0.9239 -0.212 0.212 0 0 0 0
66.60 9.681 -0.681 3.00 0.3827 0 0 0.9239 -0.212 0.212 0 0 0 0
66.70 9.660 -0.660 3.00 0.3827 0 0 0.9239 -0.212 0.212 0 0 0 0
66.80 9.638 -0.638 3.00 0.3827 0 0 0.9239 -0.212 0.212 0 0 0 0
66.90 9.617 -0.617 3.00 0.3827 0 0 0.9239 -0.212 0.212 0 0 0 0
67.00 9.596 -0.596 3.00 0.3827 0 0 0.9239 -0.212 0.212 0 0 0 0
67.10 9.574 -0.574 3.00 0.3827 0 0 0.9239 -0.212 0.212 0 0 0 0
67.20 9.553 -0.553 3.00 0.3827 0 0 0.9239 -0.212 0.212 0 0 0 0
67.30 9.532 -0.532 3.00 0.3827 0 0 0.9239 -0.212 0.212 0 0 0 0
67.40 9.511 -0.511 3.00 0.3827 0 0 0.9239 -0.212 0.212 0 0 0 0
67.50 9.489 -0.489 3.00 0.3827 0 0 0.9239 -0.212 0.212 0 0 0 0
67.60 9.468 -0.468 3.00 0.3827 0 0 0.9239 -0.212 0.212 0 0 0 0
67.70 9.447 -0.447 3.00 0.3827 0 0 0.9239 -0.212 0.212 0 0 0 0
67.80 9.426 -0.426 3.00 0.3827 0 0 0.9239 -0.212 0.212 0 0 0 0
67.90 9.404 -0.404 3.00 0.3827 0 0 0.9239 -0.212 0.212 0 0 0 0
68.00 9.383 -0.383 3.00 0.3827 0 0 0.9239 -0.212 0.212 0 0 0 0
68.10 9.362 -0.362 3.00 0.3827 0 0 0.9239 -0.212 0.212 0 0 0 0
68.20 9.340 -0.340 3.00 0.3827 0 0 0.9239 -0.212 0.212 0 0 0 0
68.30 9.319 -0.319 3.00 0.3827 0 0 0.9239 -0.212 0.212 0 0 0 0
68.40 9.298 -0.298 3.00 0.3827 0 0 0.9239 -0.212 0.212 0 0 0 0
68.50 9.277 -0.277 3.00 0.3827 0 0 0.9239 -0.212 0.212 0 0 0 0
68.60 9.255 -0.255 3.00 0.3827 0 0 0.9239 -0.212 0.212 0 0 0 0
68.70 9.234 -0.234 3.00 0.3827 0 0 0.9239 -0.212 0.212 0 0 0 0
68.80 9.213 -0.213 3.00 0.3827 0 0 0.9239 -0.212 0.212 0 0 0 0
68.90 9.191 -0.191 3.00 0.3827 0 0 0.9239 -0.212 0.212 0 0 0 0
69.00 9.170 -0.170 3.00 0.3827 0 0 0.9239 -0.212 0.212 0 0 0 0
69.10 9.149 -0.149 3.00 0.3827 0 0 0.9239 -0.212 0.212 0 0 0 0
69.20 9.128 -0.128 3.00 0.3827 0 0 0.9239 -0.212 0.212 0 0 0 0
69.30 9.106 -0.106 3.00 0.3827 0 0 0.9239 -0.212 0.212 0 0 0 0
69.40 9.085 -0.085 3.00 0.3827 0 0 0.9239 -0.212 0.212 0 0 0 0
69.50 9.064 -0.064 3.00 0.3827 0 0 0.9239 -0.212 0.212 0 0 0 0
69.60 9.043 -0.043 3.00 0.3827 0 0 0.9239 -0.212 0.212 0 0 0 0
69.70 9.021 -0.021 3.00 0.3827 0 0 0.9239 -0.212 0.212 0 0 0 0
69.80 9.000 0.000 3.00 0.3827 0 0 0.9239 -0.212 0.212 0 0 0 0
69.90 8.979 0.021 3.00 0.3827 0 0 0.9239 -0.212 0.212 0 0 0 0
70.00 8.957 0.043 3.00 0.3827 0 0 0.9239 -0.212 0.212 0 0 0 0
70.10 8.936 0.064 3.00 0.3827 0 0 0.9239 -0.212 0.212 0 0 0 0
70.20 8.915 0.085 3.00 0.3827 0 0 0.9239 -0.212 0.212 0 0 0 0
70.30 8.894 0.106 3.00 0.3827 0 0 0.9239 -0.212 0.212 0 0 0 0
70.40 8.872 0.128 3.00 0.3827 0 0 0.9239 -0.212 0.212 0 0 0 0
70.50 8.851 0.149 3.00 0.3827 0 0 0.9239 -0.212 0.212 0 0 0 0
70.60 8.830 0.170 3.00 0.3827 0 0 0.9239 -0.212 0.212 0 0 0 0
70.70 8.809 0.191 3.00 0.3827 0 0 0.9239 -0.212 0.212 0 0 0 0
70.80 8.787 0.213 3.00 0.3827 0 0 0.9239 -0.212 0.212 0 0 0 0
70.90 8.766 0.234 3.00 0.3827 0 0 0.9239 -0.212 0.212 0 0 0 0
71.00 8.745 0.255 3.00 0.3827 0 0 0.9239 -0.212 0.212 0 0 0 0
71.10 8.723 0.277 3.00 0.3827 0 0 0.9239 -0.212 0.212 0 0 0 0
71.20 8.702 0.298 3.00 0.3827 0 0 0.9239 -0.212 0.212 0 0 0 0
71.30 8.681 0.319 3.00 0.3827 0 0 0.9239 -0.212 0.212 0 0 0 0
71.40 8.660 0.340 3.00 0.3827 0 0 0.9239 -0.212 0.212 0 0 0 0
71.50 8.638 0.362 3.00 0.3827 0 0 0.9239 -0.212 0.212 0 0 0 0
71.60 8.617 0.383 3.00 0.3827 0 0 0.9239 -0.212 0.212 0 0 0 0
71.70 8.596 0.404 3.00 0.3827 0 0 0.9239 -0.212 0.212 0 0 0 0
71.80 8.574 0.426 3.00 0.3827 0 0 0.9239 -0.212 0.212 0 0 0 0
71.90 8.553 0.447 3.00 0.3827 0 0 0.9239 -0.212 0.212 0 0 0 0
72.00 8.532 0.468 3.00 0.3827 0 0 0.9239 -0.212 0.212 0 0 0 0
72.10 8.511 0.489 3.00 0.3827 0 0 0.9239 -0.212 0.212 0 0 0 0
72.20 8.489 0.511 3.00 0.3827 0 0 0.9239 -0.212 0.212 0 0 0 0
72.30 8.468 0.532 3.00 0.3827 0 0 0.9239 -0.212 0.212 0 0 0 0
72.40 8.447 0.553 3.00 0.3827 0 0 0.9239 -0.212 0.212 0 0 0 0
72.50 8.426 0.574 3.00 0.3827 0 0 0.9239 -0.212 0.212 0 0 0 0
72.60 8.404 0.596 3.00 0.3827 0 0 0.9239 -0.212 0.212 0 0 0 0
72.70 8.383 0.617 3.00 0.3827 0 0 0.9239 -0.212 0.212 0 0 0 0
72.80 8.362 0.638 3.00 0.3827 0 0 0.9239 -0.212 0.212 0 0 0 0
72.90 8.340 0.660 3.00 0.3827 0 0 0.9239 -0.212 0.212 0 0 0 0
73.00 8.319 0.681 3.00 0.3827 0 0 0.9239 -0.212 0.212 0 0 0 0
73.10 8.298 0.702 3.00 0.3827 0 0 0.9239 -0.212 0.212 0 0 0 0
73.20 8.277 0.723 3.00 0.3827 0 0 0.9239 -0.212 0.212 0 0 0 0
73.30 8.255 0.745 3.00 0.3827 0 0 0.9239 -0.212 0.212 0 0 0 0
73.40 8.234 0.766 3.00 0.3827 0 0 0.9239 -0.212 0.212 0 0 0 0
73.50 8.213 0.787 3.00 0.3827 0 0 0.9239 -0.212 0.212 0 0 0 0
73.60 8.191 0.809 3.00 0.3827 0 0 0.9239 -0.212 0.212 0 0 0 0
73.70 8.170 0.830 3.00 0.3827 0 0 0.9239 -0.212 0.212 0 0 0 0
73.80 8.149 0.851 3.00 0.3827 0 0 0.9239 -0.212 0.212 0 0 0 0
73.90 8.128 0.872 3.00 0.3827 0 0 0.9239 -0.212 0.212 0 0 0 0
74.00 8.106 0.894 3.00 0.3827 0 0 0.9239 -0.212 0.212 0 0 0 0
74.10 8.085 0.915 3.00 0.3827 0 0 0.9239 -0.212 0.212 0 0 0 0
74.20 8.064 0.936 3.00 0.3827 0 0 0.9239 -0.212 0.212 0 0 0 0
74.30 8.043 0.957 3.00 0.3827 0 0 0.9239 -0.212 0.212 0 0 0 0
74.40 8.021 0.979 3.00 0.3827 0 0 0.9239 -0.212 0.212 0 0 0 0
74.50 8.000 1.000 3.00 0.3827 0 0 -0.9239 -0.212 -0.212 0 0 0 0
74.60 7.979 0.979 3.00 0.3827 0 0 -0.9239 -0.212 -0.212 0 0 0 0
74.70 7.957 0.957 3.00 0.3827 0 0 -0.9239 -0.212 -0.212 0 0 0 0
74.80 7.936 0.936 3.00 0.3827 0 0 -0.9239 -0.212 -0.212 0 0 0 0
74.90 7.915 0.915 3.00 0.3827 0 0 -0.9239 -0.212 -0.212 0 0 0 0
75.00 7.894 0.894 3.00 0.3827 0 0 -0.9239 -0.212 -0.212 0 0 0 0
75.10 7.872 0.872 3.00 0.3827 0 0 -0.9239 -0.212 -0.212 0 0 0 0
75.20 7.851 0.851 3.00 0.3827 0 0 -0.9239 -0.212 -0.212 0 0 0 0
75.30 7.830 0.830 3.00 0.3827 0 0 -0.9239 -0.212 -0.212 0 0 0 0
75.40 7.809 0.809 3.00 0.3827 0 0 -0.9239 -0.212 -0.212 0 0 0 0
75.50 7.787 0.787 3.00 0.3827 0 0 -0.9239 -0.212 -0.212 0 0 0 0
75.60 7.766 0.766 3.00 0.3827 0 0 -0.9239 -0.212 -0.212 0 0 0 0
75.70 7.745 0.745 3.00 0.3827 0 0 -0.9239 -0.212 -0.212 0 0 0 0
75.80 7.723 0.723 3.00 0.3827 0 0 -0.9239 -0.212 -0.212 0 0 0 0
75.90 7.702 0.702 3.00 0.3827 0 0 -0.9239 -0.212 -0.212 0 0 0 0
76.00 7.681 0.681 3.00 0.3827 0 0 -0.9239 -0.212 -0.212 0 0 0 0
76.10 7.660 0.660 3.00 0.3827 0 0 -0.9239 -0.212 -0.212 0 0 0 0
76.20 7.638 0.638 3.00 0.3827 0 0 -0.9239 -0.212 -0.212 0 0 0 0
76.30 7.617 0.617 3.00 0.3827 0 0 -0.9239 -0.212 -0.212 0 0 0 0
76.40 7.596 0.596 3.00 0.3827 0 0 -0.9239 -0.212 -0.212 0 0 0 0
76.50 7.574 0.574 3.00 0.3827 0 0 -0.9239 -0.212 -0.212 0 0 0 0
76.60 7.553 0.553 3.00 0.3827 0 0 -0.9239 -0.212 -0.212 0 0 0 0
76.70 7.532 0.532 3.00 0.3827 0 0 -0.9239 -0.212 -0.212 0 0 0 0
76.80 7.511 0.511 3.00 0.3827 0 0 -0.9239 -0.212 -0.212 0 0 0 0
76.90 7.489 0.489 3.00 0.3827 0 0 -0.9239 -0.212 -0.212 0 0 0 0
77.00 7.468 0.468 3.00 0.3827 0 0 -0.9239 -0.212 -0.212 0 0 0 0
77.10 7.447 0.447 3.00 0.3827 0 0 -0.9239 -0.212 -0.212 0 0 0 0
77.20 7.426 0.426 3.00 0.3827 0 0 -0.9239 -0.212 -0.212 0 0 0 0
77.30 7.404 0.404 3.00 0.3827 0 0 -0.9239 -0.212 -0.212 0 0 0 0
77.40 7.383 0.383 3.00 0.3827 0 0 -0.9239 -0.212 -0.212 0 0 0 0
77.50 7.362 0.362 3.00 0.3827 0 0 -0.9239 -0.212 -0.212 0 0 0 0
77.60 7.340 0.340 3.00 0.3827 0 0 -0.9239 -0.212 -0.212 0 0 0 0
77.70 7.319 0.319 3.00 0.3827 0 0 -0.9239 -0.212 -0.212 0 0 0 0
77.80 7.298 0.298 3.00 0.3827 0 0 -0.9239 -0.212 -0.212 0 0 0 0
77.90 7.277 0.277 3.00 0.3827 0 0 -0.9239 -0.212 -0.212 0 0 0 0
78.00 7.255 0.255 3.00 0.3827 0 0 -0.9239 -0.212 -0.212 0 0 0 0
78.10 7.234 0.234 3.00 0.3827 0 0 -0.9239 -0.212 -0.212 0 0 0 0
78.20 7.213 0.213 3.00 0.3827 0 0 -0.9239 -0.212 -0.212 0 0 0 0
78.30 7.191 0.191 3.00 0.3827 0 0 -0.9239 -0.212 -0.212 0 0 0 0
78.40 7.170 0.170 3.00 0.3827 0 0 -0.9239 -0.212 -0.212 0 0 0 0
78.50 7.149 0.149 3.00 0.3827 0 0 -0.9239 -0.212 -0.212 0 0 0 0
78.60 7.128 0.128 3.00 0.3827 0 0 -0.9239 -0.212 -0.212 0 0 0 0
78.70 7.106 0.106 3.00 0.3827 0 0 -0.9239 -0.212 -0.212 0 0 0 0
78.80 7.085 0.085 3.00 0.3827 0 0 -0.9239 -0.212 -0.212 0 0 0 0
78.90 7.064 0.064 3.00 0.3827 0 0 -0.9239 -0.212 -0.212 0 0 0 0
79.00 7.043 0.043 3.00 0.3827 0 0 -0.9239 -0.212 -0.212 0 0 0 0
79.10 7.021 0.021 3.00 0.3827 0 0 -0.9239 -0.212 -0.212 0 0 0 0
79.20 7.000 0.000 3.00 0.3827 0 0 -0.9239 -0.212 -0.212 0 0 0 0
79.30 6.979 -0.021 3.00 0.3827 0 0 -0.9239 -0.212 -0.212 0 0 0 0
79.40 6.957 -0.043 3.00 0.3827 0 0 -0.9239 -0.212 -0.212 0 0 0 0
79.50 6.936 -0.064 3.00 0.3827 0 0 -0.9239 -0.212 -0.212 0 0 0 0
79.60 6.915 -0.085 3.00 0.3827 0 0 -0.9239 -0.212 -0.212 0 0 0 0
79.70 6.894 -0.106 3.00 0.3827 0 0 -0.9239 -0.212 -0.212 0 0 0 0
79.80 6.872 -0.128 3.00 0.3827 0 0 -0.9239 -0.212 -0.212 0 0 0 0
79.90 6.851 -0.149 3.00 0.3827 0 0 -0.9239 -0.212 -0.212 0 0 0 0
80.00 6.830 -0.170 3.00 0.3827 0 0 -0.9239 -0.212 -0.212 0 0 0 0
80.10 6.809 -0.191 3.00 0.3827 0 0 -0.9239 -0.212 -0.212 0 0 0 0
80.20 6.787 -0.213 3.00 0.3827 0 0 -0.9239 -0.212 -0.212 0 0 0 0
80.30 6.766 -0.234 3.00 0.3827 0 0 -0.9239 -0.212 -0.212 0 0 0 0
80.40 6.745 -0.255 3.00 0.3827 0 0 -0.9239 -0.212 -0.212 0 0 0 0
80.50 6.723 -0.277 3.00 0.3827 0 0 -0.9239 -0.212 -0.212 0 0 0 0
80.60 6.702 -0.298 3.00 0.3827 0 0 -0.9239 -0.212 -0.212 0 0 0 0
80.70 6.681 -0.319 3.00 0.3827 0 0 -0.9239 -0.212 -0.212 0 0 0 0
80.80 6.660 -0.340 3.00 0.3827 0 0 -0.9239 -0.212 -0.212 0 0 0 0
80.90 6.638 -0.362 3.00 0.3827 0 0 -0.9239 -0.212 -0.212 0 0 0 0
81.00 6.617 -0.383 3.00 0.3827 0 0 -0.9239 -0.212 -0.212 0 0 0 0
81.10 6.596 -0.404 3.00 0.3827 0 0 -0.9239 -0.212 -0.212 0 0 0 0
81.20 6.574 -0.426 3.00 0.3827 0 0 -0.9239 -0.212 -0.212 0 0 0 0
81.30 6.553 -0.447 3.00 0.3827 0 0 -0.9239 -0.212 -0.212 0 0 0 0
81.40 6.532 -0.468 3.00 0.3827 0 0 -0.9239 -0.212 -0.212 0 0 0 0
81.50 6.511 -0.489 3.00 0.3827 0 0 -0.9239 -0.212 -0.212 0 0 0 0
81.60 6.489 -0.511 3.00 0.3827 0 0 -0.9239 -0.212 -0.212 0 0 0 0
81.70 6.468 -0.532 3.00 0.3827 0 0 -0.9239 -0.212 -0.212 0 0 0 0
81.80 6.447 -0.553 3.00 0.3827 0 0 -0.9239 -0.212 -0.212 0 0 0 0
81.90 6.426 -0.574 3.00 0.3827 0 0 -0.9239 -0.212 -0.212 0 0 0 0
82.00 6.404 -0.596 3.00 0.3827 0 0 -0.9239 -0.212 -0.212 0 0 0 0
82.10 6.383 -0.617 3.00 0.3827 0 0 -0.9239 -0.212 -0.212 0 0 0 0
82.20 6.362 -0.638 3.00 0.3827 0 0 -0.9239 -0.212 -0.212 0 0 0 0
82.30 6.340 -0.660 3.00 0.3827 0 0 -0.9239 -0.212 -0.212 0 0 0 0
82.40 6.319 -0.681 3.00 0.3827 0 0 -0.9239 -0.212 -0.212 0 0 0 0
82.50 6.298 -0.702 3.00 0.3827 0 0 -0.9239 -0.212 -0.212 0 0 0 0
82.60 6.277 -0.723 3.00 0.3827 0 0 -0.9239 -0.212 -0.212 0 0 0 0
82.70 6.255 -0.745 3.00 0.3827 0 0 -0.9239 -0.212 -0.212 0 0 0 0
82.80 6.234 -0.766 3.00 0.3827 0 0 -0.9239 -0.212 -0.212 0 0 0 0
82.90 6.213 -0.787 3.00 0.3827 0 0 -0.9239 -0.212 -0.212 0 0 0 0
83.00 6.191 -0.809 3.00 0.3827 0 0 -0.9239 -0.212 -0.212 0 0 0 0
83.10 6.170 -0.830 3.00 0.3827 0 0 -0.9239 -0.212 -0.212 0 0 0 0
83.20 6.149 -0.851 3.00 0.3827 0 0 -0.9239 -0.212 -0.212 0 0 0 0
83.30 6.128 -0.872 3.00 0.3827 0 0 -0.9239 -0.212 -0.212 0 0 0 0
83.40 6.106 -0.894 3.00 0.3827 0 0 -0.9239 -0.212 -0.212 0 0 0 0
83.50 6.085 -0.915 3.00 0.3827 0 0 -0.9239 -0.212 -0.212 0 0 0 0
83.60 6.064 -0.936 3.00 0.3827 0 0 -0.9239 -0.212 -0.212 0 0 0 0
83.70 6.043 -0.957 3.00 0.3827 0 0 -0.9239 -0.212 -0.212 0 0 0 0
83.80 6.021 -0.979 3.00 0.3827 0 0 -0.9239 -0.212 -0.212 0 0 0 0
83.90 6.000 -1.000 3.00 0.3827 0 0 0.9239 -0.212 0.212 0 0 0 0
84.00 5.979 -0.979 3.00 0.3827 0 0 0.9239 -0.212 0.212 0 0 0 0
84.10 5.957 -0.957 3.00 0.3827 0 0 0.9239 -0.212 0.212 0 0 0 0
84.20 5.936 -0.936 3.00 0.3827 0 0 0.9239 -0.212 0.212 0 0 0 0
84.30 5.915 -0.915 3.00 0.3827 0 0 0.9239 -0.212 0.212 0 0 0 0
84.40 5.894 -0.894 3.00 0.3827 0 0 0.9239 -0.212 0.212 0 0 0 0
84.50 5.872 -0.872 3.00 0.3827 0 0 0.9239 -0.212 0.212 0 0 0 0
84.60 5.851 -0.851 3.00 0.3827 0 0 0.9239 -0.212 0.212 0 0 0 0
84.70 5.830 -0.830 3.00 0.3827 0 0 0.9239 -0.212 0.212 0 0 0 0
84.80 5.809 -0.809 3.00 0.3827 0 0 0.9239 -0.212 0.212 0 0 0 0
84.90 5.787 -0.787 3.00 0.3827 0 0 0.9239 -0.212 0.212 0 0 0 0
85.00 5.766 -0.766 3.00 0.3827 0 0 0.9239 -0.212 0.212 0 0 0 0
85.10 5.745 -0.745 3.00 0.3827 0 0 0.9239 -0.212 0.212 0 0 0 0
85.20 5.723 -0.723 3.00 0.3827 0 0 0.9239 -0.212 0.212 0 0 0 0
85.30 5.702 -0.702 3.00 0.3827 0 0 0.9239 -0.212 0.212 0 0 0 0
85.40 5.681 -0.681 3.00 0.3827 0 0 0.9239 -0.212 0.212 0 0 0 0
85.50 5.660 -0.660 3.00 0.3827 0 0 0.9239 -0.212 0.212 0 0 0 0
85.60 5.638 -0.638 3.00 0.3827 0 0 0.9239 -0.212 0.212 0 0 0 0
85.70 5.617 -0.617 3.00 0.3827 0 0 0.9239 -0.212 0.212 0 0 0 0
85.80 5.596 -0.596 3.00 0.3827 0 0 0.9239 -0.212 0.212 0 0 0 0
85.90 5.574 -0.574 3.00 0.3827 0 0 0.9239 -0.212 0.212 0 0 0 0
86.00 5.553 -0.553 3.00 0.3827 0 0 0.9239 -0.212 0.212 0 0 0 0
86.10 5.532 -0.532 3.00 0.3827 0 0 0.9239 -0.212 0.212 0 0 0 0
86.20 5.511 -0.511 3.00 0.3827 0 0 0.9239 -0.212 0.212 0 0 0 0
86.30 5.489 -0.489 3.00 0.3827 0 0 0.9239 -0.212 0.212 0 0 0 0
86.40 5.468 -0.468 3.00 0.3827 0 0 0.9239 -0.212 0.212 0 0 0 0
86.50 5.447 -0.447 3.00 0.3827 0 0 0.9239 -0.212 0.212 0 0 0 0
86.60 5.426 -0.426 3.00 0.3827 0 0 0.9239 -0.212 0.212 0 0 0 0
86.70 5.404 -0.404 3.00 0.3827 0 0 0.9239 -0.212 0.212 0 0 0 0
86.80 5.383 -0.383 3.00 0.3827 0 0 0.9239 -0.212 0.212 0 0 0 0
86.90 5.362 -0.362 3.00 0.3827 0 0 0.9239 -0.212 0.212 0 0 0 0
87.00 5.340 -0.340 3.00 0.3827 0 0 0.9239 -0.212 0.212 0 0 0 0
87.10 5.319 -0.319 3.00 0.3827 0 0 0.9239 -0.212 0.212 0 0 0 0
87.20 5.298 -0.298 3.00 0.3827 0 0 0.9239 -0.212 0.212 0 0 0 0
87.30 5.277 -0.277 3.00 0.3827 0 0 0.9239 -0.212 0.212 0 0 0 0
87.40 5.255 -0.255 3.00 0.3827 0 0 0.9239 -0.212 0.212 0 0 0 0
87.50 5.234 -0.234 3.00 0.3827 0 0 0.9239 -0.212 0.212 0 0 0 0
87.60 5.213 -0.213 3.00 0.3827 0 0 0.9239 -0.212 0.212 0 0 0 0
87.70 5.191 -0.191 3.00 0.3827 0 0 0.9239 -0.212 0.212 0 0 0 0
87.80 5.170 -0.170 3.00 0.3827 0 0 0.9239 -0.212 0.212 0 0 0 0
87.90 5.149 -0.149 3.00 0.3827 0 0 0.9239 -0.212 0.212 0 0 0 0
88.00 5.128 -0.128 3.00 0.3827 0 0 0.9239 -0.212 0.212 0 0 0 0
88.10 5.106 -0.106 3.00 0.3827 0 0 0.9239 -0.212 0.212 0 0 0 0
88.20 5.085 -0.085 3.00 0.3827 0 0 0.9239 -0.212 0.212 0 0 0 0
88.30 5.064 -0.064 3.00 0.3827 0 0 0.9239 -0.212 0.212 0 0 0 0
88.40 5.043 -0.043 3.00 0.3827 0 0 0.9239 -0.212 0.212 0 0 0 0
88.50 5.021 -0.021 3.00 0.3827 0 0 0.9239 -0.212 0.212 0 0 0 0
88.60 5.000 0.000 3.00 0.3827 0 0 0.9239 -0.212 0.212 0 0 0 0
88.70 4.979 0.021 3.00 0.3827 0 0 0.9239 -0.212 0.212 0 0 0 0
88.80 4.957 0.043 3.00 0.3827 0 0 0.9239 -0.212 0.212 0 0 0 0
88.90 4.936 0.064 3.00 0.3827 0 0 0.9239 -0.212 0.212 0 0 0 0
89.00 4.915 0.085 3.00 0.3827 0 0 0.9239 -0.212 0.212 0 0 0 0
89.10 4.894 0.106 3.00 0.3827 0 0 0.9239 -0.212 0.212 0 0 0 0
89.20 4.872 0.128 3.00 0.3827 0 0 0.9239 -0.212 0.212 0 0 0 0
89.30 4.851 0.149 3.00 0.3827 0 0 0.9239 -0.212 0.212 0 0 0 0
89.40 4.830 0.170 3.00 0.3827 0 0 0.9239 -0.212 0.212 0 0 0 0
89.50 4.809 0.191 3.00 0.3827 0 0 0.9239 -0.212 0.212 0 0 0 0
89.60 4.787 0.213 3.00 0.3827 0 0 0.9239 -0.212 0.212 0 0 0 0
89.70 4.766 0.234 3.00 0.3827 0 0 0.9239 -0.212 0.212 0 0 0 0
89.80 4.745 0.255 3.00 0.3827 0 0 0.9239 -0.212 0.212 0 0 0 0
89.90 4.723 0.277 3.00 0.3827 0 0 0.9239 -0.212 0.212 0 0 0 0
90.00 4.702 0.298 3.00 0.3827 0 0 0.9239 -0.212 0.212 0 0 0 0
90.10 4.681 0.319 3.00 0.3827 0 0 0.9239 -0.212 0.212 0 0 0 0
90.20 4.660 0.340 3.00 0.3827 0 0 0.9239 -0.212 0.212 0 0 0 0
90.30 4.638 0.362 3.00 0.3827 0 0 0.9239 -0.212 0.212 0 0 0 0
90.40 4.617 0.383 3.00 0.3827 0 0 0.9239 -0.212 0.212 0 0 0 0
90.50 4.596 0.404 3.00 0.3827 0 0 0.9239 -0.212 0.212 0 0 0 0
90.60 4.574 0.426 3.00 0.3827 0 0 0.9239 -0.212 0.212 0 0 0 0
90.70 4.553 0.447 3.00 0.3827 0 0 0.9239 -0.212 0.212 0 0 0 0
90.80 4.532 0.468 3.00 0.3827 0 0 0.9239 -0.212 0.212 0 0 0 0
90.90 4.511 0.489 3.00 0.3827 0 0 0.9239 -0.212 0.212 0 0 0 0
91.00 4.489 0.511 3.00 0.3827 0 0 0.9239 -0.212 0.212 0 0 0 0
91.10 4.468 0.532 3.00 0.3827 0 0 0.9239 -0.212 0.212 0 0 0 0
91.20 4.447 0.553 3.00 0.3827 0 0 0.9239 -0.212 0.212 0 0 0 0
91.30 4.426 0.574 3.00 0.3827 0 0 0.9239 -0.212 0.212 0 0 0 0
91.40 4.404 0.596 3.00 0.3827 0 0 0.9239 -0.212 0.212 0 0 0 0
91.50 4.383 0.617 3.00 0.3827 0 0 0.9239 -0.212 0.212 0 0 0 0
91.60 4.362 0.638 3.00 0.3827 0 0 0.9239 -0.212 0.212 0 0 0 0
91.70 4.340 0.660 3.00 0.3827 0 0 0.9239 -0.212 0.212 0 0 0 0
91.80 4.319 0.681 3.00 0.3827 0 0 0.9239 -0.212 0.212 0 0 0 0
91.90 4.298 0.702 3.00 0.3827 0 0 0.9239 -0.212 0.212 0 0 0 0
92.00 4.277 0.723 3.00 0.3827 0 0 0.9239 -0.212 0.212 0 0 0 0
92.10 4.255 0.745 3.00 0.3827 0 0 0.9239 -0.212 0.212 0 0 0 0
92.20 4.234 0.766 3.00 0.3827 0 0 0.9239 -0.212 0.212 0 0 0 0
92.30 4.213 0.787 3.00 0.3827 0 0 0.9239 -0.212 0.212 0 0 0 0
92.40 4.191 0.809 3.00 0.3827 0 0 0.9239 -0.212 0.212 0 0 0 0
92.50 4.170 0.830 3.00 0.3827 0 0 0.9239 -0.212 0.212 0 0 0 0
92.60 4.149 0.851 3.00 0.3827 0 0 0.9239 -0.212 0.212 0 0 0 0
92.70 4.128 0.872 3.00 0.3827 0 0 0.9239 -0.212 0.212 0 0 0 0
92.80 4.106 0.894 3.00 0.3827 0 0 0.9239 -0.212 0.212 0 0 0 0
92.90 4.085 0.915 3.00 0.3827 0 0 0.9239 -0.212 0.212 0 0 0 0
93.00 4.064 0.936 3.00 0.3827 0 0 0.9239 -0.212 0.212 0 0 0 0
93.10 4.043 0.957 3.00 0.3827 0 0 0.9239 -0.212 0.212 0 0 0 0
93.20 4.021 0.979 3.00 0.3827 0 0 0.9239 -0.212 0.212 0 0 0 0
93.30 4.000 1.000 3.00 0.3827 0 0 -0.9239 -0.212 -0.212 0 0 0 0
93.40 3.979 0.979 3.00 0.3827 0 0 -0.9239 -0.212 -0.212 0 0 0 0
93.50 3.957 0.957 3.00 0.3827 0 0 -0.9239 -0.212 -0.212 0 0 0 0
93.60 3.936 0.936 3.00 0.3827 0 0 -0.9239 -0.212 -0.212 0 0 0 0
93.70 3.915 0.915 3.00 0.3827 0 0 -0.9239 -0.212 -0.212 0 0 0 0
93.80 3.894 0.894 3.00 0.3827 0 0 -0.9239 -0.212 -0.212 0 0 0 0
93.90 3.872 0.872 3.00 0.3827 0 0 -0.9239 -0.212 -0.212 0 0 0 0
94.00 3.851 0.851 3.00 0.3827 0 0 -0.9239 -0.212 -0.212 0 0 0 0
94.10 3.830 0.830 3.00 0.3827 0 0 -0.9239 -0.212 -0.212 0 0 0 0
94.20 3.809 0.809 3.00 0.3827 0 0 -0.9239 -0.212 -0.212 0 0 0 0
94.30 3.787 0.787 3.00 0.3827 0 0 -0.9239 -0.212 -0.212 0 0 0 0
94.40 3.766 0.766 3.00 0.3827 0 0 -0.9239 -0.212 -0.212 0 0 0 0
94.50 3.745 0.745 3.00 0.3827 0 0 -0.9239 -0.212 -0.212 0 0 0 0
94.60 3.723 0.723 3.00 0.3827 0 0 -0.9239 -0.212 -0.212 0 0 0 0
94.70 3.702 0.702 3.00 0.3827 0 0 -0.9239 -0.212 -0.212 0 0 0 0
94.80 3.681 0.681 3.00 0.3827 0 0 -0.9239 -0.212 -0.212 0 0 0 0
94.90 3.660 0.660 3.00 0.3827 0 0 -0.9239 -0.212 -0.212 0 0 0 0
95.00 3.638 0.638 3.00 0.3827 0 0 -0.9239 -0.212 -0.212 0 0 0 0
95.10 3.617 0.617 3.00 0.3827 0 0 -0.9239 -0.212 -0.212 0 0 0 0
95.20 3.596 0.596 3.00 0.3827 0 0 -0.9239 -0.212 -0.212 0 0 0 0
95.30 3.574 0.574 3.00 0.3827 0 0 -0.9239 -0.212 -0.212 0 0 0 0
95.40 3.553 0.553 3.00 0.3827 0 0 -0.9239 -0.212 -0.212 0 0 0 0
95.50 3.532 0.532 3.00 0.3827 0 0 -0.9239 -0.212 -0.212 0 0 0 0
95.60 3.511 0.511 3.00 0.3827 0 0 -0.9239 -0.212 -0.212 0 0 0 0
95.70 3.489 0.489 3.00 0.3827 0 0 -0.9239 -0.212 -0.212 0 0 0 0
95.80 3.468 0.468 3.00 0.3827 0 0 -0.9239 -0.212 -0.212 0 0 0 0
95.90 3.447 0.447 3.00 0.3827 0 0 -0.9239 -0.212 -0.212 0 0 0 0
96.00 3.426 0.426 3.00 0.3827 0 0 -0.9239 -0.212 -0.212 0 0 0 0
96.10 3.404 0.404 3.00 0.3827 0 0 -0.9239 -0.212 -0.212 0 0 0 0
96.20 3.383 0.383 3.00 0.3827 0 0 -0.9239 -0.212 -0.212 0 0 0 0
96.30 3.362 0.362 3.00 0.3827 0 0 -0.9239 -0.212 -0.212 0 0 0 0
96.40 3.340 0.340 3.00 0.3827 0 0 -0.9239 -0.212 -0.212 0 0 0 0
96.50 3.319 0.319 3.00 0.3827 0 0 -0.9239 -0.212 -0.212 0 0 0 0
96.60 3.298 0.298 3.00 0.3827 0 0 -0.9239 -0.212 -0.212 0 0 0 0
96.70 3.277 0.277 3.00 0.3827 0 0 -0.9239 -0.212 -0.212 0 0 0 0
96.80 3.255 0.255 3.00 0.3827 0 0 -0.9239 -0.212 -0.212 0 0 0 0
96.90 3.234 0.234 3.00 0.3827 0 0 -0.9239 -0.212 -0.212 0 0 0 0
97.00 3.213 0.213 3.00 0.3827 0 0 -0.9239 -0.212 -0.212 0 0 0 0
97.10 3.191 0.191 3.00 0.3827 0 0 -0.9239 -0.212 -0.212 0 0 0 0
97.20 3.170 0.170 3.00 0.3827 0 0 -0.9239 -0.212 -0.212 0 0 0 0
97.30 3.149 0.149 3.00 0.3827 0 0 -0.9239 -0.212 -0.212 0 0 0 0
97.40 3.128 0.128 3.00 0.3827 0 0 -0.9239 -0.212 -0.212 0 0 0 0
97.50 3.106 0.106 3.00 0.3827 0 0 -0.9239 -0.212 -0.212 0 0 0 0
97.60 3.085 0.085 3.00 0.3827 0 0 -0.9239 -0.212 -0.212 0 0 0 0
97.70 3.064 0.064 3.00 0.3827 0 0 -0.9239 -0.212 -0.212 0 0 0 0
97.80 3.043 0.043 3.00 0.3827 0 0 -0.9239 -0.212 -0.212 0 0 0 0
97.90 3.021 0.021 3.00 0.3827 0 0 -0.9239 -0.212 -0.212 0 0 0 0
98.00 3.000 0.000 3.00 0.3827 0 0 -0.9239 -0.212 -0.212 0 0 0 0
98.10 2.979 -0.021 3.00 0.3827 0 0 -0.9239 -0.212 -0.212 0 0 0 0
98.20 2.957 -0.043 3.00 0.3827 0 0 -0.9239 -0.212 -0.212 0 0 0 0
98.30 2.936 -0.064 3.00 0.3827 0 0 -0.9239 -0.212 -0.212 0 0 0 0
98.40 2.915 -0.085 3.00 0.3827 0 0 -0.9239 -0.212 -0.212 0 0 0 0
98.50 2.894 -0.106 3.00 0.3827 0 0 -0.9239 -0.212 -0.212 0 0 0 0
98.60 2.872 -0.128 3.00 0.3827 0 0 -0.9239 -0.212 -0.212 0 0 0 0
98.70 2.851 -0.149 3.00 0.3827 0 0 -0.9239 -0.212 -0.212 0 0 0 0
98.80 2.830 -0.170 3.00 0.3827 0 0 -0.9239 -0.212 -0.212 0 0 0 0
98.90 2.809 -0.191 3.00 0.3827 0 0 -0.9239 -0.212 -0.212 0 0 0 0
99.00 2.787 -0.213 3.00 0.3827 0 0 -0.9239 -0.212 -0.212 0 0 0 0
99.10 2.766 -0.234 3.00 0.3827 0 0 -0.9239 -0.212 -0.212 0 0 0 0
99.20 2.745 -0.255 3.00 0.3827 0 0 -0.9239 -0.212 -0.212 0 0 0 0
99.30 2.723 -0.277 3.00 0.3827 0 0 -0.9239 -0.212 -0.212 0 0 0 0
99.40 2.702 -0.298 3.00 0.3827 0 0 -0.9239 -0.212 -0.212 0 0 0 0
99.50 2.681 -0.319 3.00 0.3827 0 0 -0.9239 -0.212 -0.212 0 0 0 0
99.60 2.660 -0.340 3.00 0.3827 0 0 -0.9239 -0.212 -0.212 0 0 0 0
99.70 2.638 -0.362 3.00 0.3827 0 0 -0.9239 -0.212 -0.212 0 0 0 0
99.80 2.617 -0.383 3.00 0.3827 0 0 -0.9239 -0.212 -0.212 0 0 0 0
99.90 2.596 -0.404 3.00 0.3827 0 0 -0.9239 -0.212 -0.212 0 0 0 0
100.00 2.574 -0.426 3.00 0.3827 0 0 -0.9239 -0.212 -0.212 0 0 0 0
100.10 2.553 -0.447 3.00 0.3827 0 0 -0.9239 -0.212 -0.212 0 0 0 0
100.20 2.532 -0.468 3.00 0.3827 0 0 -0.9239 -0.212 -0.212 0 0 0 0
100.30 2.511 -0.489 3.00 0.3827 0 0 -0.9239 -0.212 -0.212 0 0 0 0
100.40 2.489 -0.511 3.00 0.3827 0 0 -0.9239 -0.212 -0.212 0 0 0 0
100.50 2.468 -0.532 3.00 0.3827 0 0 -0.9239 -0.212 -0.212 0 0 0 0
100.60 2.447 -0.553 3.00 0.3827 0 0 -0.9239 -0.212 -0.212 0 0 0 0
100.70 2.426 -0.574 3.00 0.3827 0 0 -0.9239 -0.212 -0.212 0 0 0 0
100.80 2.404 -0.596 3.00 0.3827 0 0 -0.9239 -0.212 -0.212 0 0 0 0
100.90 2.383 -0.617 3.00 0.3827 0 0 -0.9239 -0.212 -0.212 0 0 0 0
101.00 2.362 -0.638 3.00 0.3827 0 0 -0.9239 -0.212 -0.212 0 0 0 0
101.10 2.340 -0.660 3.00 0.3827 0 0 -0.9239 -0.212 -0.212 0 0 0 0
101.20 2.319 -0.681 3.00 0.3827 0 0 -0.9239 -0.212 -0.212 0 0 0 0
101.30 2.298 -0.702 3.00 0.3827 0 0 -0.9239 -0.212 -0.212 0 0 0 0
101.40 2.277 -0.723 3.00 0.3827 0 0 -0.9239 -0.212 -0.212 0 0 0 0
101.50 2.255 -0.745 3.00 0.3827 0 0 -0.9239 -0.212 -0.212 0 0 0 0
101.60 2.234 -0.766 3.00 0.3827 0 0 -0.9239 -0.212 -0.212 0 0 0 0
101.70 2.213 -0.787 3.00 0.3827 0 0 -0.9239 -0.212 -0.212 0 0 0 0
101.80 2.191 -0.809 3.00 0.3827 0 0 -0.9239 -0.212 -0.212 0 0 0 0
101.90 2.170 -0.830 3.00 0.3827 0 0 -0.9239 -0.212 -0.212 0 0 0 0
102.00 2.149 -0.851 3.00 0.3827 0 0 -0.9239 -0.212 -0.212 0 0 0 0
102.10 2.128 -0.872 3.00 0.3827 0 0 -0.9239 -0.212 -0.212 0 0 0 0
102.20 2.106 -0.894 3.00 0.3827 0 0 -0.9239 -0.212 -0.212 0 0 0 0
102.30 2.085 -0.915 3.00 0.3827 0 0 -0.9239 -0.212 -0.212 0 0 0 0
102.40 2.064 -0.936 3.00 0.3827 0 0 -0.9239 -0.212 -0.212 0 0 0 0
102.50 2.043 -0.957 3.00 0.3827 0 0 -0.9239 -0.212 -0.212 0 0 0 0
102.60 2.021 -0.979 3.00 0.3827 0 0 -0.9239 -0.212 -0.212 0 0 0 0
102.70 2.000 -1.000 3.00 0.3827 0 0 0.9239 -0.212 0.212 0 0 0 0
102.80 1.979 -0.979 3.00 0.3827 0 0 0.9239 -0.212 0.212 0 0 0 0
102.90 1.957 -0.957 3.00 0.3827 0 0 0.9239 -0.212 0.212 0 0 0 0
103.00 1.936 -0.936 3.00 0.3827 0 0 0.9239 -0.212 0.212 0 0 0 0
103.10 1.915 -0.915 3.00 0.3827 0 0 0.9239 -0.212 0.212 0 0 0 0
103.20 1.894 -0.894 3.00 0.3827 0 0 0.9239 -0.212 0.212 0 0 0 0
103.30 1.872 -0.872 3.00 0.3827 0 0 0.9239 -0.212 0.212 0 0 0 0
103.40 1.851 -0.851 3.00 0.3827 0 0 0.9239 -0.212 0.212 0 0 0 0
103.50 1.830 -0.830 3.00 0.3827 0 0 0.9239 -0.212 0.212 0 0 0 0
103.60 1.809 -0.809 3.00 0.3827 0 0 0.9239 -0.212 0.212 0 0 0 0
103.70 1.787 -0.787 3.00 0.3827 0 0 0.9239 -0.212 0.212 0 0 0 0
103.80 1.766 -0.766 3.00 0.3827 0 0 0.9239 -0.212 0.212 0 0 0 0
103.90 1.745 -0.745 3.00 0.3827 0 0 0.9239 -0.212 0.212 0 0 0 0
104.00 1.723 -0.723 3.00 0.3827 0 0 0.9239 -0.212 0.212 0 0 0 0
104.10 1.702 -0.702 3.00 0.3827 0 0 0.9239 -0.212 0.212 0 0 0 0
104.20 1.681 -0.681 3.00 0.3827 0 0 0.9239 -0.212 0.212 0 0 0 0
104.30 1.660 -0.660 3.00 0.3827 0 0 0.9239 -0.212 0.212 0 0 0 0
104.40 1.638 -0.638 3.00 0.3827 0 0 0.9239 -0.212 0.212 0 0 0 0
104.50 1.617 -0.617 3.00 0.3827 0 0 0.9239 -0.212 0.212 0 0 0 0
104.60 1.596 -0.596 3.00 0.3827 0 0 0.9239 -0.212 0.212 0 0 0 0
104.70 1.574 -0.574 3.00 0.3827 0 0 0.9239 -0.212 0.212 0 0 0 0
104.80 1.553 -0.553 3.00 0.3827 0 0 0.9239 -0.212 0.212 0 0 0 0
104.90 1.532 -0.532 3.00 0.3827 0 0 0.9239 -0.212 0.212 0 0 0 0
105.00 1.511 -0.511 3.00 0.3827 0 0 0.9239 -0.212 0.212 0 0 0 0
105.10 1.489 -0.489 3.00 0.3827 0 0 0.9239 -0.212 0.212 0 0 0 0
105.20 1.468 -0.468 3.00 0.3827 0 0 0.9239 -0.212 0.212 0 0 0 0
105.30 1.447 -0.447 3.00 0.3827 0 0 0.9239 -0.212 0.212 0 0 0 0
105.40 1.426 -0.426 3.00 0.3827 0 0 0.9239 -0.212 0.212 0 0 0 0
105.50 1.404 -0.404 3.00 0.3827 0 0 0.9239 -0.212 0.212 0 0 0 0
105.60 1.383 -0.383 3.00 0.3827 0 0 0.9239 -0.212 0.212 0 0 0 0
105.70 1.362 -0.362 3.00 0.3827 0 0 0.9239 -0.212 0.212 0 0 0 0
105.80 1.340 -0.340 3.00 0.3827 0 0 0.9239 -0.212 0.212 0 0 0 0
105.90 1.319 -0.319 3.00 0.3827 0 0 0.9239 -0.212 0.212 0 0 0 0
106.00 1.298 -0.298 3.00 0.3827 0 0 0.9239 -0.212 0.212 0 0 0 0
106.10 1.277 -0.277 3.00 0.3827 0 0 0.9239 -0.212 0.212 0 0 0 0
106.20 1.255 -0.255 3.00 0.3827 0 0 0.9239 -0.212 0.212 0 0 0 0
106.30 1.234 -0.234 3.00 0.3827 0 0 0.9239 -0.212 0.212 0 0 0 0
106.40 1.213 -0.213 3.00 0.3827 0 0 0.9239 -0.212 0.212 0 0 0 0
106.50 1.191 -0.191 3.00 0.3827 0 0 0.9239 -0.212 0.212 0 0 0 0
106.60 1.170 -0.170 3.00 0.3827 0 0 0.9239 -0.212 0.212 0 0 0 0
106.70 1.149 -0.149 3.00 0.3827 0 0 0.9239 -0.212 0.212 0 0 0 0
106.80 1.128 -0.128 3.00 0.3827 0 0 0.9239 -0.212 0.212 0 0 0 0
106.90 1.106 -0.106 3.00 0.3827 0 0 0.9239 -0.212 0.212 0 0 0 0
107.00 1.085 -0.085 3.00 0.3827 0 0 0.9239 -0.212 0.212 0 0 0 0
107.10 1.064 -0.064 3.00 0.3827 0 0 0.9239 -0.212 0.212 0 0 0 0
107.20 1.043 -0.043 3.00 0.3827 0 0 0.9239 -0.212 0.212 0 0 0 0
107.30 1.021 -0.021 3.00 0.3827 0 0 0.9239 -0.212 0.212 0 0 0 0
107.40 1.000 0.000 3.00 0.3827 0 0 0.9239 -0.212 0.212 0 0 0 0
107.50 0.979 0.021 3.00 0.3827 0 0 0.9239 -0.212 0.212 0 0 0 0
107.60 0.957 0.043 3.00 0.3827 0 0 0.9239 -0.212 0.212 0 0 0 0
107.70 0.936 0.064 3.00 0.3827 0 0 0.9239 -0.212 0.212 0 0 0 0
107.80 0.915 0.085 3.00 0.3827 0 0 0.9239 -0.212 0.212 0 0 0 0
107.90 0.894 0.106 3.00 0.3827 0 0 0.9239 -0.212 0.212 0 0 0 0
108.00 0.872 0.128 3.00 0.3827 0 0 0.9239 -0.212 0.212 0 0 0 0
108.10 0.851 0.149 3.00 0.3827 0 0 0.9239 -0.212 0.212 0 0 0 0
108.20 0.830 0.170 3.00 0.3827 0 0 0.9239 -0.212 0.212 0 0 0 0
108.30 0.809 0.191 3.00 0.3827 0 0 0.9239 -0.212 0.212 0 0 0 0
108.40 0.787 0.213 3.00 0.3827 0 0 0.9239 -0.212 0.212 0 0 0 0
108.50 0.766 0.234 3.00 0.3827 0 0 0.9239 -0.212 0.212 0 0 0 0
108.60 0.745 0.255 3.00 0.3827 0 0 0.9239 -0.212 0.212 0 0 0 0
108.70 0.723 0.277 3.00 0.3827 0 0 0.9239 -0.212 0.212 0 0 0 0
108.80 0.702 0.298 3.00 0.3827 0 0 0.9239 -0.212 0.212 0 0 0 0
108.90 0.681 0.319 3.00 0.3827 0 0 0.9239 -0.212 0.212 0 0 0 0
109.00 0.660 0.340 3.00 0.3827 0 0 0.9239 -0.212 0.212 0 0 0 0
109.10 0.638 0.362 3.00 0.3827 0 0 0.9239 -0.212 0.212 0 0 0 0
109.20 0.617 0.383 3.00 0.3827 0 0 0.9239 -0.212 0.212 0 0 0 0
109.30 0.596 0.404 3.00 0.3827 0 0 0.9239 -0.212 0.212 0 0 0 0
109.40 0.574 0.426 3.00 0.3827 0 0 0.9239 -0.212 0.212 0 0 0 0
109.50 0.553 0.447 3.00 0.3827 0 0 0.9239 -0.212 0.212 0 0 0 0
109.60 0.532 0.468 3.00 0.3827 0 0 0.9239 -0.212 0.212 0 0 0 0
109.70 0.511 0.489 3.00 0.3827 0 0 0.9239 -0.212 0.212 0 0 0 0
109.80 0.489 0.511 3.00 0.3827 0 0 0.9239 -0.212 0.212 0 0 0 0
109.90 0.468 0.532 3.00 0.3827 0 0 0.9239 -0.212 0.212 0 0 0 0
110.00 0.447 0.553 3.00 0.3827 0 0 0.9239 -0.212 0.212 0 0 0 0
110.10 0.426 0.574 3.00 0.3827 0 0 0.9239 -0.212 0.212 0 0 0 0
110.20 0.404 0.596 3.00 0.3827 0 0 0.9239 -0.212 0.212 0 0 0 0
110.30 0.383 0.617 3.00 0.3827 0 0 0.9239 -0.212 0.212 0 0 0 0
110.40 0.362 0.638 3.00 0.3827 0 0 0.9239 -0.212 0.212 0 0 0 0
110.50 0.340 0.660 3.00 0.3827 0 0 0.9239 -0.212 0.212 0 0 0 0
110.60 0.319 0.681 3.00 0.3827 0 0 0.9239 -0.212 0.212 0 0 0 0
110.70 0.298 0.702 3.00 0.3827 0 0 0.9239 -0.212 0.212 0 0 0 0
110.80 0.277 0.723 3.00 0.3827 0 0 0.9239 -0.212 0.212 0 0 0 0
110.90 0.255 0.745 3.00 0.3827 0 0 0.9239 -0.212 0.212 0 0 0 0
111.00 0.234 0.766 3.00 0.3827 0 0 0.9239 -0.212 0.212 0 0 0 0
111.10 0.213 0.787 3.00 0.3827 0 0 0.9239 -0.212 0.212 0 0 0 0
111.20 0.191 0.809 3.00 0.3827 0 0 0.9239 -0.212 0.212 0 0 0 0
111.30 0.170 0.830 3.00 0.3827 0 0 0.9239 -0.212 0.212 0 0 0 0
111.40 0.149 0.851 3.00 0.3827 0 0 0.9239 -0.212 0.212 0 0 0 0
111.50 0.128 0.872 3.00 0.3827 0 0 0.9239 -0.212 0.212 0 0 0 0
111.60 0.106 0.894 3.00 0.3827 0 0 0.9239 -0.212 0.212 0 0 0 0
111.70 0.085 0.915 3.00 0.3827 0 0 0.9239 -0.212 0.212 0 0 0 0
111.80 0.064 0.936 3.00 0.3827 0 0 0.9239 -0.212 0.212 0 0 0 0
111.90 0.043 0.957 3.00 0.3827 0 0 0.9239 -0.212 0.212 0 0 0 0
112.00 0.021 0.979 3.00 0.3827 0 0 0.9239 -0.212 0.212 0 0 0 0
112.10 0.000 1.000 3.00 0.7071 0 0 -0.7071 0.000 -0.300 0 0 0 0
112.20 0.000 0.970 3.00 0.7071 0 0 -0.7071 0.000 -0.300 0 0 0 0
112.30 0.000 0.939 3.00 0.7071 0 0 -0.7071 0.000 -0.300 0 0 0 0
112.40 0.000 0.909 3.00 0.7071 0 0 -0.7071 0.000 -0.300 0 0 0 0
112.50 0.000 0.879 3.00 0.7071 0 0 -0.7071 0.000 -0.300 0 0 0 0
112.60 0.000 0.848 3.00 0.7071 0 0 -0.7071 0.000 -0.300 0 0 0 0
112.70 0.000 0.818 3.00 0.7071 0 0 -0.7071 0.000 -0.300 0 0 0 0
112.80 0.000 0.788 3.00 0.7071 0 0 -0.7071 0.000 -0.300 0 0 0 0
112.90 0.000 0.758 3.00 0.7071 0 0 -0.7071 0.000 -0.300 0 0 0 0
113.00 0.000 0.727 3.00 0.7071 0 0 -0.7071 0.000 -0.300 0 0 0 0
113.10 0.000 0.697 3.00 0.7071 0 0 -0.7071 0.000 -0.300 0 0 0 0
113.20 0.000 0.667 3.00 0.7071 0 0 -0.7071 0.000 -0.300 0 0 0 0
113.30 0.000 0.636 3.00 0.7071 0 0 -0.7071 0.000 -0.300 0 0 0 0
113.40 0.000 0.606 3.00 0.7071 0 0 -0.7071 0.000 -0.300 0 0 0 0
113.50 0.000 0.576 3.00 0.7071 0 0 -0.7071 0.000 -0.300 0 0 0 0
113.60 0.000 0.545 3.00 0.7071 0 0 -0.7071 0.000 -0.300 0 0 0 0
113.70 0.000 0.515 3.00 0.7071 0 0 -0.7071 0.000 -0.300 0 0 0 0
113.80 0.000 0.485 3.00 0.7071 0 0 -0.7071 0.000 -0.300 0 0 0 0
113.90 0.000 0.455 3.00 0.7071 0 0 -0.7071 0.000 -0.300 0 0 0 0
114.00 0.000 0.424 3.00 0.7071 0 0 -0.7071 0.000 -0.300 0 0 0 0
114.10 0.000 0.394 3.00 0.7071 0 0 -0.7071 0.000 -0.300 0 0 0 0
114.20 0.000 0.364 3.00 0.7071 0 0 -0.7071 0.000 -0.300 0 0 0 0
114.30 0.000 0.333 3.00 0.7071 0 0 -0.7071 0.000 -0.300 0 0 0 0
114.40 0.000 0.303 3.00 0.7071 0 0 -0.7071 0.000 -0.300 0 0 0 0
114.50 0.000 0.273 3.00 0.7071 0 0 -0.7071 0.000 -0.300 0 0 0 0
114.60 0.000 0.242 3.00 0.7071 0 0 -0.7071 0.000 -0.300 0 0 0 0
114.70 0.000 0.212 3.00 0.7071 0 0 -0.7071 0.000 -0.300 0 0 0 0
114.80 0.000 0.182 3.00 0.7071 0 0 -0.7071 0.000 -0.300 0 0 0 0
114.90 0.000 0.152 3.00 0.7071 0 0 -0.7071 0.000 -0.300 0 0 0 0
115.00 0.000 0.121 3.00 0.7071 0 0 -0.7071 0.000 -0.300 0 0 0 0
115.10 0.000 0.091 3.00 0.7071 0 0 -0.7071 0.000 -0.300 0 0 0 0
115.20 0.000 0.061 3.00 0.7071 0 0 -0.7071 0.000 -0.300 0 0 0 0
115.30 0.000 0.030 3.00 0.7071 0 0 -0.7071 0.000 -0.300 0 0 0 0
