0.00 0.030 0.100 3.00 1.0000 0 0 0.0000 0.300 0.000 0 0 0 0
0.10 0.060 0.190 3.00 1.0000 0 0 0.0000 0.300 0.000 0 0 0 0
0.20 0.090 0.271 3.00 1.0000 0 0 0.0000 0.300 0.000 0 0 0 0
0.30 0.120 0.344 3.00 1.0000 0 0 0.0000 0.300 0.000 0 0 0 0
0.40 0.150 0.410 3.00 1.0000 0 0 0.0000 0.300 0.000 0 0 0 0
0.50 0.180 0.469 3.00 1.0000 0 0 0.0000 0.300 0.000 0 0 0 0
0.60 0.210 0.522 3.00 1.0000 0 0 0.0000 0.300 0.000 0 0 0 0
0.70 0.240 0.570 3.00 1.0000 0 0 0.0000 0.300 0.000 0 0 0 0
0.80 0.270 0.613 3.00 1.0000 0 0 0.0000 0.300 0.000 0 0 0 0
0.90 0.300 0.651 3.00 1.0000 0 0 0.0000 0.300 0.000 0 0 0 0
1.00 0.330 0.686 3.00 1.0000 0 0 0.0000 0.300 0.000 0 0 0 0
1.10 0.360 0.718 3.00 1.0000 0 0 0.0000 0.300 0.000 0 0 0 0
1.20 0.390 0.746 3.00 1.0000 0 0 0.0000 0.300 0.000 0 0 0 0
1.30 0.420 0.771 3.00 1.0000 0 0 0.0000 0.300 0.000 0 0 0 0
1.40 0.450 0.794 3.00 1.0000 0 0 0.0000 0.300 0.000 0 0 0 0
1.50 0.480 0.815 3.00 1.0000 0 0 0.0000 0.300 0.000 0 0 0 0
1.60 0.510 0.833 3.00 1.0000 0 0 0.0000 0.300 0.000 0 0 0 0
1.70 0.540 0.850 3.00 1.0000 0 0 0.0000 0.300 0.000 0 0 0 0
1.80 0.570 0.865 3.00 1.0000 0 0 0.0000 0.300 0.000 0 0 0 0
1.90 0.600 0.878 3.00 1.0000 0 0 0.0000 0.300 0.000 0 0 0 0
2.00 0.630 0.891 3.00 1.0000 0 0 0.0000 0.300 0.000 0 0 0 0
2.10 0.660 0.902 3.00 1.0000 0 0 0.0000 0.300 0.000 0 0 0 0
2.20 0.690 0.911 3.00 1.0000 0 0 0.0000 0.300 0.000 0 0 0 0
2.30 0.720 0.920 3.00 1.0000 0 0 0.0000 0.300 0.000 0 0 0 0
2.40 0.750 0.928 3.00 1.0000 0 0 0.0000 0.300 0.000 0 0 0 0
2.50 0.780 0.935 3.00 1.0000 0 0 0.0000 0.300 0.000 0 0 0 0
2.60 0.810 0.942 3.00 1.0000 0 0 0.0000 0.300 0.000 0 0 0 0
2.70 0.840 0.948 3.00 1.0000 0 0 0.0000 0.300 0.000 0 0 0 0
2.80 0.870 0.953 3.00 1.0000 0 0 0.0000 0.300 0.000 0 0 0 0
2.90 0.900 0.958 3.00 1.0000 0 0 0.0000 0.300 0.000 0 0 0 0
3.00 0.930 0.962 3.00 1.0000 0 0 0.0000 0.300 0.000 0 0 0 0
3.10 0.960 0.966 3.00 1.0000 0 0 0.0000 0.300 0.000 0 0 0 0
3.20 0.990 0.969 3.00 1.0000 0 0 0.0000 0.300 0.000 0 0 0 0
3.30 1.020 0.972 3.00 1.0000 0 0 0.0000 0.300 0.000 0 0 0 0
3.40 1.050 0.975 3.00 1.0000 0 0 0.0000 0.300 0.000 0 0 0 0
3.50 1.080 0.977 3.00 1.0000 0 0 0.0000 0.300 0.000 0 0 0 0
3.60 1.110 0.980 3.00 1.0000 0 0 0.0000 0.300 0.000 0 0 0 0
3.70 1.140 0.982 3.00 1.0000 0 0 0.0000 0.300 0.000 0 0 0 0
3.80 1.170 0.984 3.00 1.0000 0 0 0.0000 0.300 0.000 0 0 0 0
3.90 1.200 0.985 3.00 1.0000 0 0 0.0000 0.300 0.000 0 0 0 0
4.00 1.230 0.987 3.00 1.0000 0 0 0.0000 0.300 0.000 0 0 0 0
4.10 1.260 0.988 3.00 1.0000 0 0 0.0000 0.300 0.000 0 0 0 0
4.20 1.290 0.989 3.00 1.0000 0 0 0.0000 0.300 0.000 0 0 0 0
4.30 1.320 0.990 3.00 1.0000 0 0 0.0000 0.300 0.000 0 0 0 0
4.40 1.350 0.991 3.00 1.0000 0 0 0.0000 0.300 0.000 0 0 0 0
4.50 1.380 0.992 3.00 1.0000 0 0 0.0000 0.300 0.000 0 0 0 0
4.60 1.410 0.993 3.00 1.0000 0 0 0.0000 0.300 0.000 0 0 0 0
4.70 1.440 0.994 3.00 1.0000 0 0 0.0000 0.300 0.000 0 0 0 0
4.80 1.470 0.994 3.00 1.0000 0 0 0.0000 0.300 0.000 0 0 0 0
4.90 1.500 0.995 3.00 1.0000 0 0 0.0000 0.300 0.000 0 0 0 0
5.00 1.530 0.995 3.00 1.0000 0 0 0.0000 0.300 0.000 0 0 0 0
5.10 1.560 0.996 3.00 1.0000 0 0 0.0000 0.300 0.000 0 0 0 0
5.20 1.590 0.996 3.00 1.0000 0 0 0.0000 0.300 0.000 0 0 0 0
5.30 1.620 0.997 3.00 1.0000 0 0 0.0000 0.300 0.000 0 0 0 0
5.40 1.650 0.997 3.00 1.0000 0 0 0.0000 0.300 0.000 0 0 0 0
5.50 1.680 0.997 3.00 1.0000 0 0 0.0000 0.300 0.000 0 0 0 0
5.60 1.710 0.998 3.00 1.0000 0 0 0.0000 0.300 0.000 0 0 0 0
5.70 1.740 0.998 3.00 1.0000 0 0 0.0000 0.300 0.000 0 0 0 0
5.80 1.770 0.998 3.00 1.0000 0 0 0.0000 0.300 0.000 0 0 0 0
5.90 1.800 0.998 3.00 1.0000 0 0 0.0000 0.300 0.000 0 0 0 0
6.00 1.830 0.998 3.00 1.0000 0 0 0.0000 0.300 0.000 0 0 0 0
6.10 1.860 0.999 3.00 1.0000 0 0 0.0000 0.300 0.000 0 0 0 0
6.20 1.890 0.999 3.00 1.0000 0 0 0.0000 0.300 0.000 0 0 0 0
6.30 1.920 0.999 3.00 1.0000 0 0 0.0000 0.300 0.000 0 0 0 0
6.40 1.950 0.999 3.00 1.0000 0 0 0.0000 0.300 0.000 0 0 0 0
6.50 1.980 0.999 3.00 1.0000 0 0 0.0000 0.300 0.000 0 0 0 0
6.60 2.010 0.999 3.00 1.0000 0 0 0.0000 0.300 0.000 0 0 0 0
6.70 2.040 0.799 3.00 1.0000 0 0 0.0000 0.300 0.000 0 0 0 0
6.80 2.070 0.619 3.00 1.0000 0 0 0.0000 0.300 0.000 0 0 0 0
6.90 2.100 0.457 3.00 1.0000 0 0 0.0000 0.300 0.000 0 0 0 0
7.00 2.130 0.312 3.00 1.0000 0 0 0.0000 0.300 0.000 0 0 0 0
7.10 2.160 0.180 3.00 1.0000 0 0 0.0000 0.300 0.000 0 0 0 0
7.20 2.190 0.062 3.00 1.0000 0 0 0.0000 0.300 0.000 0 0 0 0
7.30 2.220 -0.044 3.00 1.0000 0 0 0.0000 0.300 0.000 0 0 0 0
7.40 2.250 -0.139 3.00 1.0000 0 0 0.0000 0.300 0.000 0 0 0 0
7.50 2.280 -0.225 3.00 1.0000 0 0 0.0000 0.300 0.000 0 0 0 0
7.60 2.310 -0.303 3.00 1.0000 0 0 0.0000 0.300 0.000 0 0 0 0
7.70 2.340 -0.373 3.00 1.0000 0 0 0.0000 0.300 0.000 0 0 0 0
7.80 2.370 -0.435 3.00 1.0000 0 0 0.0000 0.300 0.000 0 0 0 0
7.90 2.400 -0.492 3.00 1.0000 0 0 0.0000 0.300 0.000 0 0 0 0
8.00 2.430 -0.543 3.00 1.0000 0 0 0.0000 0.300 0.000 0 0 0 0
8.10 2.460 -0.588 3.00 1.0000 0 0 0.0000 0.300 0.000 0 0 0 0
8.20 2.490 -0.630 3.00 1.0000 0 0 0.0000 0.300 0.000 0 0 0 0
8.30 2.520 -0.667 3.00 1.0000 0 0 0.0000 0.300 0.000 0 0 0 0
8.40 2.550 -0.700 3.00 1.0000 0 0 0.0000 0.300 0.000 0 0 0 0
8.50 2.580 -0.730 3.00 1.0000 0 0 0.0000 0.300 0.000 0 0 0 0
8.60 2.610 -0.757 3.00 1.0000 0 0 0.0000 0.300 0.000 0 0 0 0
8.70 2.640 -0.781 3.00 1.0000 0 0 0.0000 0.300 0.000 0 0 0 0
8.80 2.670 -0.803 3.00 1.0000 0 0 0.0000 0.300 0.000 0 0 0 0
8.90 2.700 -0.823 3.00 1.0000 0 0 0.0000 0.300 0.000 0 0 0 0
9.00 2.730 -0.841 3.00 1.0000 0 0 0.0000 0.300 0.000 0 0 0 0
9.10 2.760 -0.856 3.00 1.0000 0 0 0.0000 0.300 0.000 0 0 0 0
9.20 2.790 -0.871 3.00 1.0000 0 0 0.0000 0.300 0.000 0 0 0 0
9.30 2.820 -0.884 3.00 1.0000 0 0 0.0000 0.300 0.000 0 0 0 0
9.40 2.850 -0.895 3.00 1.0000 0 0 0.0000 0.300 0.000 0 0 0 0
9.50 2.880 -0.906 3.00 1.0000 0 0 0.0000 0.300 0.000 0 0 0 0
9.60 2.910 -0.915 3.00 1.0000 0 0 0.0000 0.300 0.000 0 0 0 0
9.70 2.940 -0.924 3.00 1.0000 0 0 0.0000 0.300 0.000 0 0 0 0
9.80 2.970 -0.931 3.00 1.0000 0 0 0.0000 0.300 0.000 0 0 0 0
9.90 3.000 -0.938 3.00 1.0000 0 0 0.0000 0.300 0.000 0 0 0 0
10.00 3.030 -0.944 3.00 1.0000 0 0 0.0000 0.300 0.000 0 0 0 0
10.10 3.060 -0.950 3.00 1.0000 0 0 0.0000 0.300 0.000 0 0 0 0
10.20 3.090 -0.955 3.00 1.0000 0 0 0.0000 0.300 0.000 0 0 0 0
10.30 3.120 -0.959 3.00 1.0000 0 0 0.0000 0.300 0.000 0 0 0 0
10.40 3.150 -0.964 3.00 1.0000 0 0 0.0000 0.300 0.000 0 0 0 0
10.50 3.180 -0.967 3.00 1.0000 0 0 0.0000 0.300 0.000 0 0 0 0
10.60 3.210 -0.970 3.00 1.0000 0 0 0.0000 0.300 0.000 0 0 0 0
10.70 3.240 -0.973 3.00 1.0000 0 0 0.0000 0.300 0.000 0 0 0 0
10.80 3.270 -0.976 3.00 1.0000 0 0 0.0000 0.300 0.000 0 0 0 0
10.90 3.300 -0.978 3.00 1.0000 0 0 0.0000 0.300 0.000 0 0 0 0
11.00 3.330 -0.981 3.00 1.0000 0 0 0.0000 0.300 0.000 0 0 0 0
11.10 3.360 -0.983 3.00 1.0000 0 0 0.0000 0.300 0.000 0 0 0 0
11.20 3.390 -0.984 3.00 1.0000 0 0 0.0000 0.300 0.000 0 0 0 0
11.30 3.420 -0.986 3.00 1.0000 0 0 0.0000 0.300 0.000 0 0 0 0
11.40 3.450 -0.987 3.00 1.0000 0 0 0.0000 0.300 0.000 0 0 0 0
11.50 3.480 -0.989 3.00 1.0000 0 0 0.0000 0.300 0.000 0 0 0 0
11.60 3.510 -0.990 3.00 1.0000 0 0 0.0000 0.300 0.000 0 0 0 0
11.70 3.540 -0.991 3.00 1.0000 0 0 0.0000 0.300 0.000 0 0 0 0
11.80 3.570 -0.992 3.00 1.0000 0 0 0.0000 0.300 0.000 0 0 0 0
11.90 3.600 -0.992 3.00 1.0000 0 0 0.0000 0.300 0.000 0 0 0 0
12.00 3.630 -0.993 3.00 1.0000 0 0 0.0000 0.300 0.000 0 0 0 0
12.10 3.660 -0.994 3.00 1.0000 0 0 0.0000 0.300 0.000 0 0 0 0
12.20 3.690 -0.995 3.00 1.0000 0 0 0.0000 0.300 0.000 0 0 0 0
12.30 3.720 -0.995 3.00 1.0000 0 0 0.0000 0.300 0.000 0 0 0 0
12.40 3.750 -0.996 3.00 1.0000 0 0 0.0000 0.300 0.000 0 0 0 0
12.50 3.780 -0.996 3.00 1.0000 0 0 0.0000 0.300 0.000 0 0 0 0
12.60 3.810 -0.996 3.00 1.0000 0 0 0.0000 0.300 0.000 0 0 0 0
12.70 3.840 -0.997 3.00 1.0000 0 0 0.0000 0.300 0.000 0 0 0 0
12.80 3.870 -0.997 3.00 1.0000 0 0 0.0000 0.300 0.000 0 0 0 0
12.90 3.900 -0.997 3.00 1.0000 0 0 0.0000 0.300 0.000 0 0 0 0
13.00 3.930 -0.998 3.00 1.0000 0 0 0.0000 0.300 0.000 0 0 0 0
13.10 3.960 -0.998 3.00 1.0000 0 0 0.0000 0.300 0.000 0 0 0 0
13.20 3.990 -0.998 3.00 1.0000 0 0 0.0000 0.300 0.000 0 0 0 0
13.30 4.020 -0.998 3.00 1.0000 0 0 0.0000 0.300 0.000 0 0 0 0
13.40 4.050 -0.798 3.00 1.0000 0 0 0.0000 0.300 0.000 0 0 0 0
13.50 4.080 -0.619 3.00 1.0000 0 0 0.0000 0.300 0.000 0 0 0 0
13.60 4.110 -0.457 3.00 1.0000 0 0 0.0000 0.300 0.000 0 0 0 0
13.70 4.140 -0.311 3.00 1.0000 0 0 0.0000 0.300 0.000 0 0 0 0
13.80 4.170 -0.180 3.00 1.0000 0 0 0.0000 0.300 0.000 0 0 0 0
13.90 4.200 -0.062 3.00 1.0000 0 0 0.0000 0.300 0.000 0 0 0 0
14.00 4.230 0.044 3.00 1.0000 0 0 0.0000 0.300 0.000 0 0 0 0
14.10 4.260 0.140 3.00 1.0000 0 0 0.0000 0.300 0.000 0 0 0 0
14.20 4.290 0.226 3.00 1.0000 0 0 0.0000 0.300 0.000 0 0 0 0
14.30 4.320 0.303 3.00 1.0000 0 0 0.0000 0.300 0.000 0 0 0 0
14.40 4.350 0.373 3.00 1.0000 0 0 0.0000 0.300 0.000 0 0 0 0
14.50 4.380 0.436 3.00 1.0000 0 0 0.0000 0.300 0.000 0 0 0 0
14.60 4.410 0.492 3.00 1.0000 0 0 0.0000 0.300 0.000 0 0 0 0
14.70 4.440 0.543 3.00 1.0000 0 0 0.0000 0.300 0.000 0 0 0 0
14.80 4.470 0.589 3.00 1.0000 0 0 0.0000 0.300 0.000 0 0 0 0
14.90 4.500 0.630 3.00 1.0000 0 0 0.0000 0.300 0.000 0 0 0 0
15.00 4.530 0.667 3.00 1.0000 0 0 0.0000 0.300 0.000 0 0 0 0
15.10 4.560 0.700 3.00 1.0000 0 0 0.0000 0.300 0.000 0 0 0 0
15.20 4.590 0.730 3.00 1.0000 0 0 0.0000 0.300 0.000 0 0 0 0
15.30 4.620 0.757 3.00 1.0000 0 0 0.0000 0.300 0.000 0 0 0 0
15.40 4.650 0.781 3.00 1.0000 0 0 0.0000 0.300 0.000 0 0 0 0
15.50 4.680 0.803 3.00 1.0000 0 0 0.0000 0.300 0.000 0 0 0 0
15.60 4.710 0.823 3.00 1.0000 0 0 0.0000 0.300 0.000 0 0 0 0
15.70 4.740 0.841 3.00 1.0000 0 0 0.0000 0.300 0.000 0 0 0 0
15.80 4.770 0.857 3.00 1.0000 0 0 0.0000 0.300 0.000 0 0 0 0
15.90 4.800 0.871 3.00 1.0000 0 0 0.0000 0.300 0.000 0 0 0 0
16.00 4.830 0.884 3.00 1.0000 0 0 0.0000 0.300 0.000 0 0 0 0
16.10 4.860 0.895 3.00 1.0000 0 0 0.0000 0.300 0.000 0 0 0 0
16.20 4.890 0.906 3.00 1.0000 0 0 0.0000 0.300 0.000 0 0 0 0
16.30 4.920 0.915 3.00 1.0000 0 0 0.0000 0.300 0.000 0 0 0 0
16.40 4.950 0.924 3.00 1.0000 0 0 0.0000 0.300 0.000 0 0 0 0
16.50 4.980 0.931 3.00 1.0000 0 0 0.0000 0.300 0.000 0 0 0 0
16.60 5.010 0.938 3.00 1.0000 0 0 0.0000 0.300 0.000 0 0 0 0
16.70 5.040 0.944 3.00 1.0000 0 0 0.0000 0.300 0.000 0 0 0 0
16.80 5.070 0.950 3.00 1.0000 0 0 0.0000 0.300 0.000 0 0 0 0
16.90 5.100 0.955 3.00 1.0000 0 0 0.0000 0.300 0.000 0 0 0 0
17.00 5.130 0.959 3.00 1.0000 0 0 0.0000 0.300 0.000 0 0 0 0
17.10 5.160 0.964 3.00 1.0000 0 0 0.0000 0.300 0.000 0 0 0 0
17.20 5.190 0.967 3.00 1.0000 0 0 0.0000 0.300 0.000 0 0 0 0
17.30 5.220 0.970 3.00 1.0000 0 0 0.0000 0.300 0.000 0 0 0 0
17.40 5.250 0.973 3.00 1.0000 0 0 0.0000 0.300 0.000 0 0 0 0
17.50 5.280 0.976 3.00 1.0000 0 0 0.0000 0.300 0.000 0 0 0 0
17.60 5.310 0.978 3.00 1.0000 0 0 0.0000 0.300 0.000 0 0 0 0
17.70 5.340 0.981 3.00 1.0000 0 0 0.0000 0.300 0.000 0 0 0 0
17.80 5.370 0.983 3.00 1.0000 0 0 0.0000 0.300 0.000 0 0 0 0
17.90 5.400 0.984 3.00 1.0000 0 0 0.0000 0.300 0.000 0 0 0 0
18.00 5.430 0.986 3.00 1.0000 0 0 0.0000 0.300 0.000 0 0 0 0
18.10 5.460 0.987 3.00 1.0000 0 0 0.0000 0.300 0.000 0 0 0 0
18.20 5.490 0.989 3.00 1.0000 0 0 0.0000 0.300 0.000 0 0 0 0
18.30 5.520 0.990 3.00 1.0000 0 0 0.0000 0.300 0.000 0 0 0 0
18.40 5.550 0.991 3.00 1.0000 0 0 0.0000 0.300 0.000 0 0 0 0
18.50 5.580 0.992 3.00 1.0000 0 0 0.0000 0.300 0.000 0 0 0 0
18.60 5.610 0.992 3.00 1.0000 0 0 0.0000 0.300 0.000 0 0 0 0
18.70 5.640 0.993 3.00 1.0000 0 0 0.0000 0.300 0.000 0 0 0 0
18.80 5.670 0.994 3.00 1.0000 0 0 0.0000 0.300 0.000 0 0 0 0
18.90 5.700 0.995 3.00 1.0000 0 0 0.0000 0.300 0.000 0 0 0 0
19.00 5.730 0.995 3.00 1.0000 0 0 0.0000 0.300 0.000 0 0 0 0
19.10 5.760 0.996 3.00 1.0000 0 0 0.0000 0.300 0.000 0 0 0 0
19.20 5.790 0.996 3.00 1.0000 0 0 0.0000 0.300 0.000 0 0 0 0
19.30 5.820 0.996 3.00 1.0000 0 0 0.0000 0.300 0.000 0 0 0 0
19.40 5.850 0.997 3.00 1.0000 0 0 0.0000 0.300 0.000 0 0 0 0
19.50 5.880 0.997 3.00 1.0000 0 0 0.0000 0.300 0.000 0 0 0 0
19.60 5.910 0.997 3.00 1.0000 0 0 0.0000 0.300 0.000 0 0 0 0
19.70 5.940 0.998 3.00 1.0000 0 0 0.0000 0.300 0.000 0 0 0 0
19.80 5.970 0.998 3.00 1.0000 0 0 0.0000 0.300 0.000 0 0 0 0
19.90 6.000 0.998 3.00 1.0000 0 0 0.0000 0.300 0.000 0 0 0 0
20.00 6.030 0.998 3.00 1.0000 0 0 0.0000 0.300 0.000 0 0 0 0
20.10 6.060 0.798 3.00 1.0000 0 0 0.0000 0.300 0.000 0 0 0 0
20.20 6.090 0.619 3.00 1.0000 0 0 0.0000 0.300 0.000 0 0 0 0
20.30 6.120 0.457 3.00 1.0000 0 0 0.0000 0.300 0.000 0 0 0 0
20.40 6.150 0.311 3.00 1.0000 0 0 0.0000 0.300 0.000 0 0 0 0
20.50 6.180 0.180 3.00 1.0000 0 0 0.0000 0.300 0.000 0 0 0 0
20.60 6.210 0.062 3.00 1.0000 0 0 0.0000 0.300 0.000 0 0 0 0
20.70 6.240 -0.044 3.00 1.0000 0 0 0.0000 0.300 0.000 0 0 0 0
20.80 6.270 -0.140 3.00 1.0000 0 0 0.0000 0.300 0.000 0 0 0 0
20.90 6.300 -0.226 3.00 1.0000 0 0 0.0000 0.300 0.000 0 0 0 0
21.00 6.330 -0.303 3.00 1.0000 0 0 0.0000 0.300 0.000 0 0 0 0
21.10 6.360 -0.373 3.00 1.0000 0 0 0.0000 0.300 0.000 0 0 0 0
21.20 6.390 -0.436 3.00 1.0000 0 0 0.0000 0.300 0.000 0 0 0 0
21.30 6.420 -0.492 3.00 1.0000 0 0 0.0000 0.300 0.000 0 0 0 0
21.40 6.450 -0.543 3.00 1.0000 0 0 0.0000 0.300 0.000 0 0 0 0
21.50 6.480 -0.589 3.00 1.0000 0 0 0.0000 0.300 0.000 0 0 0 0
21.60 6.510 -0.630 3.00 1.0000 0 0 0.0000 0.300 0.000 0 0 0 0
21.70 6.540 -0.667 3.00 1.0000 0 0 0.0000 0.300 0.000 0 0 0 0
21.80 6.570 -0.700 3.00 1.0000 0 0 0.0000 0.300 0.000 0 0 0 0
21.90 6.600 -0.730 3.00 1.0000 0 0 0.0000 0.300 0.000 0 0 0 0
22.00 6.630 -0.757 3.00 1.0000 0 0 0.0000 0.300 0.000 0 0 0 0
22.10 6.660 -0.781 3.00 1.0000 0 0 0.0000 0.300 0.000 0 0 0 0
22.20 6.690 -0.803 3.00 1.0000 0 0 0.0000 0.300 0.000 0 0 0 0
22.30 6.720 -0.823 3.00 1.0000 0 0 0.0000 0.300 0.000 0 0 0 0
22.40 6.750 -0.841 3.00 1.0000 0 0 0.0000 0.300 0.000 0 0 0 0
22.50 6.780 -0.857 3.00 1.0000 0 0 0.0000 0.300 0.000 0 0 0 0
22.60 6.810 -0.871 3.00 1.0000 0 0 0.0000 0.300 0.000 0 0 0 0
22.70 6.840 -0.884 3.00 1.0000 0 0 0.0000 0.300 0.000 0 0 0 0
22.80 6.870 -0.895 3.00 1.0000 0 0 0.0000 0.300 0.000 0 0 0 0
22.90 6.900 -0.906 3.00 1.0000 0 0 0.0000 0.300 0.000 0 0 0 0
23.00 6.930 -0.915 3.00 1.0000 0 0 0.0000 0.300 0.000 0 0 0 0
23.10 6.960 -0.924 3.00 1.0000 0 0 0.0000 0.300 0.000 0 0 0 0
23.20 6.990 -0.931 3.00 1.0000 0 0 0.0000 0.300 0.000 0 0 0 0
23.30 7.020 -0.938 3.00 1.0000 0 0 0.0000 0.300 0.000 0 0 0 0
23.40 7.050 -0.944 3.00 1.0000 0 0 0.0000 0.300 0.000 0 0 0 0
23.50 7.080 -0.950 3.00 1.0000 0 0 0.0000 0.300 0.000 0 0 0 0
23.60 7.110 -0.955 3.00 1.0000 0 0 0.0000 0.300 0.000 0 0 0 0
23.70 7.140 -0.959 3.00 1.0000 0 0 0.0000 0.300 0.000 0 0 0 0
23.80 7.170 -0.964 3.00 1.0000 0 0 0.0000 0.300 0.000 0 0 0 0
23.90 7.200 -0.967 3.00 1.0000 0 0 0.0000 0.300 0.000 0 0 0 0
24.00 7.230 -0.970 3.00 1.0000 0 0 0.0000 0.300 0.000 0 0 0 0
24.10 7.260 -0.973 3.00 1.0000 0 0 0.0000 0.300 0.000 0 0 0 0
24.20 7.290 -0.976 3.00 1.0000 0 0 0.0000 0.300 0.000 0 0 0 0
24.30 7.320 -0.978 3.00 1.0000 0 0 0.0000 0.300 0.000 0 0 0 0
24.40 7.350 -0.981 3.00 1.0000 0 0 0.0000 0.300 0.000 0 0 0 0
24.50 7.380 -0.983 3.00 1.0000 0 0 0.0000 0.300 0.000 0 0 0 0
24.60 7.410 -0.984 3.00 1.0000 0 0 0.0000 0.300 0.000 0 0 0 0
24.70 7.440 -0.986 3.00 1.0000 0 0 0.0000 0.300 0.000 0 0 0 0
24.80 7.470 -0.987 3.00 1.0000 0 0 0.0000 0.300 0.000 0 0 0 0
24.90 7.500 -0.989 3.00 1.0000 0 0 0.0000 0.300 0.000 0 0 0 0
25.00 7.530 -0.990 3.00 1.0000 0 0 0.0000 0.300 0.000 0 0 0 0
25.10 7.560 -0.991 3.00 1.0000 0 0 0.0000 0.300 0.000 0 0 0 0
25.20 7.590 -0.992 3.00 1.0000 0 0 0.0000 0.300 0.000 0 0 0 0
25.30 7.620 -0.992 3.00 1.0000 0 0 0.0000 0.300 0.000 0 0 0 0
25.40 7.650 -0.993 3.00 1.0000 0 0 0.0000 0.300 0.000 0 0 0 0
25.50 7.680 -0.994 3.00 1.0000 0 0 0.0000 0.300 0.000 0 0 0 0
25.60 7.710 -0.995 3.00 1.0000 0 0 0.0000 0.300 0.000 0 0 0 0
25.70 7.740 -0.995 3.00 1.0000 0 0 0.0000 0.300 0.000 0 0 0 0
25.80 7.770 -0.996 3.00 1.0000 0 0 0.0000 0.300 0.000 0 0 0 0
25.90 7.800 -0.996 3.00 1.0000 0 0 0.0000 0.300 0.000 0 0 0 0
26.00 7.830 -0.996 3.00 1.0000 0 0 0.0000 0.300 0.000 0 0 0 0
26.10 7.860 -0.997 3.00 1.0000 0 0 0.0000 0.300 0.000 0 0 0 0
26.20 7.890 -0.997 3.00 1.0000 0 0 0.0000 0.300 0.000 0 0 0 0
26.30 7.920 -0.997 3.00 1.0000 0 0 0.0000 0.300 0.000 0 0 0 0
26.40 7.950 -0.998 3.00 1.0000 0 0 0.0000 0.300 0.000 0 0 0 0
26.50 7.980 -0.998 3.00 1.0000 0 0 0.0000 0.300 0.000 0 0 0 0
26.60 8.010 -0.998 3.00 1.0000 0 0 0.0000 0.300 0.000 0 0 0 0
26.70 8.040 -0.998 3.00 1.0000 0 0 0.0000 0.300 0.000 0 0 0 0
26.80 8.070 -0.798 3.00 1.0000 0 0 0.0000 0.300 0.000 0 0 0 0
26.90 8.100 -0.619 3.00 1.0000 0 0 0.0000 0.300 0.000 0 0 0 0
27.00 8.130 -0.457 3.00 1.0000 0 0 0.0000 0.300 0.000 0 0 0 0
27.10 8.160 -0.311 3.00 1.0000 0 0 0.0000 0.300 0.000 0 0 0 0
27.20 8.190 -0.180 3.00 1.0000 0 0 0.0000 0.300 0.000 0 0 0 0
27.30 8.220 -0.062 3.00 1.0000 0 0 0.0000 0.300 0.000 0 0 0 0
27.40 8.250 0.044 3.00 1.0000 0 0 0.0000 0.300 0.000 0 0 0 0
27.50 8.280 0.140 3.00 1.0000 0 0 0.0000 0.300 0.000 0 0 0 0
27.60 8.310 0.226 3.00 1.0000 0 0 0.0000 0.300 0.000 0 0 0 0
27.70 8.340 0.303 3.00 1.0000 0 0 0.0000 0.300 0.000 0 0 0 0
27.80 8.370 0.373 3.00 1.0000 0 0 0.0000 0.300 0.000 0 0 0 0
27.90 8.400 0.436 3.00 1.0000 0 0 0.0000 0.300 0.000 0 0 0 0
28.00 8.430 0.492 3.00 1.0000 0 0 0.0000 0.300 0.000 0 0 0 0
28.10 8.460 0.543 3.00 1.0000 0 0 0.0000 0.300 0.000 0 0 0 0
28.20 8.490 0.589 3.00 1.0000 0 0 0.0000 0.300 0.000 0 0 0 0
28.30 8.520 0.630 3.00 1.0000 0 0 0.0000 0.300 0.000 0 0 0 0
28.40 8.550 0.667 3.00 1.0000 0 0 0.0000 0.300 0.000 0 0 0 0
28.50 8.580 0.700 3.00 1.0000 0 0 0.0000 0.300 0.000 0 0 0 0
28.60 8.610 0.730 3.00 1.0000 0 0 0.0000 0.300 0.000 0 0 0 0
28.70 8.640 0.757 3.00 1.0000 0 0 0.0000 0.300 0.000 0 0 0 0
28.80 8.670 0.781 3.00 1.0000 0 0 0.0000 0.300 0.000 0 0 0 0
28.90 8.700 0.803 3.00 1.0000 0 0 0.0000 0.300 0.000 0 0 0 0
29.00 8.730 0.823 3.00 1.0000 0 0 0.0000 0.300 0.000 0 0 0 0
29.10 8.760 0.841 3.00 1.0000 0 0 0.0000 0.300 0.000 0 0 0 0
29.20 8.790 0.857 3.00 1.0000 0 0 0.0000 0.300 0.000 0 0 0 0
29.30 8.820 0.871 3.00 1.0000 0 0 0.0000 0.300 0.000 0 0 0 0
29.40 8.850 0.884 3.00 1.0000 0 0 0.0000 0.300 0.000 0 0 0 0
29.50 8.880 0.895 3.00 1.0000 0 0 0.0000 0.300 0.000 0 0 0 0
29.60 8.910 0.906 3.00 1.0000 0 0 0.0000 0.300 0.000 0 0 0 0
29.70 8.940 0.915 3.00 1.0000 0 0 0.0000 0.300 0.000 0 0 0 0
29.80 8.970 0.924 3.00 1.0000 0 0 0.0000 0.300 0.000 0 0 0 0
29.90 9.000 0.931 3.00 1.0000 0 0 0.0000 0.300 0.000 0 0 0 0
30.00 9.030 0.938 3.00 1.0000 0 0 0.0000 0.300 0.000 0 0 0 0
30.10 9.060 0.944 3.00 1.0000 0 0 0.0000 0.300 0.000 0 0 0 0
30.20 9.090 0.950 3.00 1.0000 0 0 0.0000 0.300 0.000 0 0 0 0
30.30 9.120 0.955 3.00 1.0000 0 0 0.0000 0.300 0.000 0 0 0 0
30.40 9.150 0.959 3.00 1.0000 0 0 0.0000 0.300 0.000 0 0 0 0
30.50 9.180 0.964 3.00 1.0000 0 0 0.0000 0.300 0.000 0 0 0 0
30.60 9.210 0.967 3.00 1.0000 0 0 0.0000 0.300 0.000 0 0 0 0
30.70 9.240 0.970 3.00 1.0000 0 0 0.0000 0.300 0.000 0 0 0 0
30.80 9.270 0.973 3.00 1.0000 0 0 0.0000 0.300 0.000 0 0 0 0
30.90 9.300 0.976 3.00 1.0000 0 0 0.0000 0.300 0.000 0 0 0 0
31.00 9.330 0.978 3.00 1.0000 0 0 0.0000 0.300 0.000 0 0 0 0
31.10 9.360 0.981 3.00 1.0000 0 0 0.0000 0.300 0.000 0 0 0 0
31.20 9.390 0.983 3.00 1.0000 0 0 0.0000 0.300 0.000 0 0 0 0
31.30 9.420 0.984 3.00 1.0000 0 0 0.0000 0.300 0.000 0 0 0 0
31.40 9.450 0.986 3.00 1.0000 0 0 0.0000 0.300 0.000 0 0 0 0
31.50 9.480 0.987 3.00 1.0000 0 0 0.0000 0.300 0.000 0 0 0 0
31.60 9.510 0.989 3.00 1.0000 0 0 0.0000 0.300 0.000 0 0 0 0
31.70 9.540 0.990 3.00 1.0000 0 0 0.0000 0.300 0.000 0 0 0 0
31.80 9.570 0.991 3.00 1.0000 0 0 0.0000 0.300 0.000 0 0 0 0
31.90 9.600 0.992 3.00 1.0000 0 0 0.0000 0.300 0.000 0 0 0 0
32.00 9.630 0.992 3.00 1.0000 0 0 0.0000 0.300 0.000 0 0 0 0
32.10 9.660 0.993 3.00 1.0000 0 0 0.0000 0.300 0.000 0 0 0 0
32.20 9.690 0.994 3.00 1.0000 0 0 0.0000 0.300 0.000 0 0 0 0
32.30 9.720 0.995 3.00 1.0000 0 0 0.0000 0.300 0.000 0 0 0 0
32.40 9.750 0.995 3.00 1.0000 0 0 0.0000 0.300 0.000 0 0 0 0
32.50 9.780 0.996 3.00 1.0000 0 0 0.0000 0.300 0.000 0 0 0 0
32.60 9.810 0.996 3.00 1.0000 0 0 0.0000 0.300 0.000 0 0 0 0
32.70 9.840 0.996 3.00 1.0000 0 0 0.0000 0.300 0.000 0 0 0 0
32.80 9.870 0.997 3.00 1.0000 0 0 0.0000 0.300 0.000 0 0 0 0
32.90 9.900 0.997 3.00 1.0000 0 0 0.0000 0.300 0.000 0 0 0 0
33.00 9.930 0.997 3.00 1.0000 0 0 0.0000 0.300 0.000 0 0 0 0
33.10 9.960 0.998 3.00 1.0000 0 0 0.0000 0.300 0.000 0 0 0 0
33.20 9.990 0.998 3.00 1.0000 0 0 0.0000 0.300 0.000 0 0 0 0
33.30 10.020 0.998 3.00 1.0000 0 0 0.0000 0.300 0.000 0 0 0 0
33.40 10.050 0.998 3.00 1.0000 0 0 0.0000 0.300 0.000 0 0 0 0
33.50 10.080 0.798 3.00 1.0000 0 0 0.0000 0.300 0.000 0 0 0 0
33.60 10.110 0.619 3.00 1.0000 0 0 0.0000 0.300 0.000 0 0 0 0
33.70 10.140 0.457 3.00 1.0000 0 0 0.0000 0.300 0.000 0 0 0 0
33.80 10.170 0.311 3.00 1.0000 0 0 0.0000 0.300 0.000 0 0 0 0
33.90 10.200 0.180 3.00 1.0000 0 0 0.0000 0.300 0.000 0 0 0 0
34.00 10.230 0.062 3.00 1.0000 0 0 0.0000 0.300 0.000 0 0 0 0
34.10 10.260 -0.044 3.00 1.0000 0 0 0.0000 0.300 0.000 0 0 0 0
34.20 10.290 -0.140 3.00 1.0000 0 0 0.0000 0.300 0.000 0 0 0 0
34.30 10.320 -0.226 3.00 1.0000 0 0 0.0000 0.300 0.000 0 0 0 0
34.40 10.350 -0.303 3.00 1.0000 0 0 0.0000 0.300 0.000 0 0 0 0
34.50 10.380 -0.373 3.00 1.0000 0 0 0.0000 0.300 0.000 0 0 0 0
34.60 10.410 -0.436 3.00 1.0000 0 0 0.0000 0.300 0.000 0 0 0 0
34.70 10.440 -0.492 3.00 1.0000 0 0 0.0000 0.300 0.000 0 0 0 0
34.80 10.470 -0.543 3.00 1.0000 0 0 0.0000 0.300 0.000 0 0 0 0
34.90 10.500 -0.589 3.00 1.0000 0 0 0.0000 0.300 0.000 0 0 0 0
35.00 10.530 -0.630 3.00 1.0000 0 0 0.0000 0.300 0.000 0 0 0 0
35.10 10.560 -0.667 3.00 1.0000 0 0 0.0000 0.300 0.000 0 0 0 0
35.20 10.590 -0.700 3.00 1.0000 0 0 0.0000 0.300 0.000 0 0 0 0
35.30 10.620 -0.730 3.00 1.0000 0 0 0.0000 0.300 0.000 0 0 0 0
35.40 10.650 -0.757 3.00 1.0000 0 0 0.0000 0.300 0.000 0 0 0 0
35.50 10.680 -0.781 3.00 1.0000 0 0 0.0000 0.300 0.000 0 0 0 0
35.60 10.710 -0.803 3.00 1.0000 0 0 0.0000 0.300 0.000 0 0 0 0
35.70 10.740 -0.823 3.00 1.0000 0 0 0.0000 0.300 0.000 0 0 0 0
35.80 10.770 -0.841 3.00 1.0000 0 0 0.0000 0.300 0.000 0 0 0 0
35.90 10.800 -0.857 3.00 1.0000 0 0 0.0000 0.300 0.000 0 0 0 0
36.00 10.830 -0.871 3.00 1.0000 0 0 0.0000 0.300 0.000 0 0 0 0
36.10 10.860 -0.884 3.00 1.0000 0 0 0.0000 0.300 0.000 0 0 0 0
36.20 10.890 -0.895 3.00 1.0000 0 0 0.0000 0.300 0.000 0 0 0 0
36.30 10.920 -0.906 3.00 1.0000 0 0 0.0000 0.300 0.000 0 0 0 0
36.40 10.950 -0.915 3.00 1.0000 0 0 0.0000 0.300 0.000 0 0 0 0
36.50 10.980 -0.924 3.00 1.0000 0 0 0.0000 0.300 0.000 0 0 0 0
36.60 11.010 -0.931 3.00 1.0000 0 0 0.0000 0.300 0.000 0 0 0 0
36.70 11.040 -0.938 3.00 1.0000 0 0 0.0000 0.300 0.000 0 0 0 0
36.80 11.070 -0.944 3.00 1.0000 0 0 0.0000 0.300 0.000 0 0 0 0
36.90 11.100 -0.950 3.00 1.0000 0 0 0.0000 0.300 0.000 0 0 0 0
37.00 11.130 -0.955 3.00 1.0000 0 0 0.0000 0.300 0.000 0 0 0 0
37.10 11.160 -0.959 3.00 1.0000 0 0 0.0000 0.300 0.000 0 0 0 0
37.20 11.190 -0.964 3.00 1.0000 0 0 0.0000 0.300 0.000 0 0 0 0
37.30 11.220 -0.967 3.00 1.0000 0 0 0.0000 0.300 0.000 0 0 0 0
37.40 11.250 -0.970 3.00 1.0000 0 0 0.0000 0.300 0.000 0 0 0 0
37.50 11.280 -0.973 3.00 1.0000 0 0 0.0000 0.300 0.000 0 0 0 0
37.60 11.310 -0.976 3.00 1.0000 0 0 0.0000 0.300 0.000 0 0 0 0
37.70 11.340 -0.978 3.00 1.0000 0 0 0.0000 0.300 0.000 0 0 0 0
37.80 11.370 -0.981 3.00 1.0000 0 0 0.0000 0.300 0.000 0 0 0 0
37.90 11.400 -0.983 3.00 1.0000 0 0 0.0000 0.300 0.000 0 0 0 0
38.00 11.430 -0.984 3.00 1.0000 0 0 0.0000 0.300 0.000 0 0 0 0
38.10 11.460 -0.986 3.00 1.0000 0 0 0.0000 0.300 0.000 0 0 0 0
38.20 11.490 -0.987 3.00 1.0000 0 0 0.0000 0.300 0.000 0 0 0 0
38.30 11.520 -0.989 3.00 1.0000 0 0 0.0000 0.300 0.000 0 0 0 0
38.40 11.550 -0.990 3.00 1.0000 0 0 0.0000 0.300 0.000 0 0 0 0
38.50 11.580 -0.991 3.00 1.0000 0 0 0.0000 0.300 0.000 0 0 0 0
38.60 11.610 -0.992 3.00 1.0000 0 0 0.0000 0.300 0.000 0 0 0 0
38.70 11.640 -0.992 3.00 1.0000 0 0 0.0000 0.300 0.000 0 0 0 0
38.80 11.670 -0.993 3.00 1.0000 0 0 0.0000 0.300 0.000 0 0 0 0
38.90 11.700 -0.994 3.00 1.0000 0 0 0.0000 0.300 0.000 0 0 0 0
39.00 11.730 -0.995 3.00 1.0000 0 0 0.0000 0.300 0.000 0 0 0 0
39.10 11.760 -0.995 3.00 1.0000 0 0 0.0000 0.300 0.000 0 0 0 0
39.20 11.790 -0.996 3.00 1.0000 0 0 0.0000 0.300 0.000 0 0 0 0
39.30 11.820 -0.996 3.00 1.0000 0 0 0.0000 0.300 0.000 0 0 0 0
39.40 11.850 -0.996 3.00 1.0000 0 0 0.0000 0.300 0.000 0 0 0 0
39.50 11.880 -0.997 3.00 1.0000 0 0 0.0000 0.300 0.000 0 0 0 0
39.60 11.910 -0.997 3.00 1.0000 0 0 0.0000 0.300 0.000 0 0 0 0
39.70 11.940 -0.997 3.00 1.0000 0 0 0.0000 0.300 0.000 0 0 0 0
39.80 11.970 -0.998 3.00 1.0000 0 0 0.0000 0.300 0.000 0 0 0 0
39.90 12.000 -0.998 3.00 1.0000 0 0 0.0000 0.300 0.000 0 0 0 0
40.00 12.030 -0.998 3.00 1.0000 0 0 0.0000 0.300 0.000 0 0 0 0
40.10 12.060 -0.998 3.00 1.0000 0 0 0.0000 0.300 0.000 0 0 0 0
40.20 12.030 0.100 3.00 0.0000 0 0 1.0000 -0.300 0.000 0 0 0 0
40.30 12.000 0.190 3.00 0.0000 0 0 1.0000 -0.300 0.000 0 0 0 0
40.40 11.970 0.271 3.00 0.0000 0 0 1.0000 -0.300 0.000 0 0 0 0
40.50 11.940 0.344 3.00 0.0000 0 0 1.0000 -0.300 0.000 0 0 0 0
40.60 11.910 0.410 3.00 0.0000 0 0 1.0000 -0.300 0.000 0 0 0 0
40.70 11.880 0.469 3.00 0.0000 0 0 1.0000 -0.300 0.000 0 0 0 0
40.80 11.850 0.522 3.00 0.0000 0 0 1.0000 -0.300 0.000 0 0 0 0
40.90 11.820 0.570 3.00 0.0000 0 0 1.0000 -0.300 0.000 0 0 0 0
41.00 11.790 0.613 3.00 0.0000 0 0 1.0000 -0.300 0.000 0 0 0 0
41.10 11.760 0.651 3.00 0.0000 0 0 1.0000 -0.300 0.000 0 0 0 0
41.20 11.730 0.686 3.00 0.0000 0 0 1.0000 -0.300 0.000 0 0 0 0
41.30 11.700 0.718 3.00 0.0000 0 0 1.0000 -0.300 0.000 0 0 0 0
41.40 11.670 0.746 3.00 0.0000 0 0 1.0000 -0.300 0.000 0 0 0 0
41.50 11.640 0.771 3.00 0.0000 0 0 1.0000 -0.300 0.000 0 0 0 0
41.60 11.610 0.794 3.00 0.0000 0 0 1.0000 -0.300 0.000 0 0 0 0
41.70 11.580 0.815 3.00 0.0000 0 0 1.0000 -0.300 0.000 0 0 0 0
41.80 11.550 0.833 3.00 0.0000 0 0 1.0000 -0.300 0.000 0 0 0 0
41.90 11.520 0.850 3.00 0.0000 0 0 1.0000 -0.300 0.000 0 0 0 0
42.00 11.490 0.865 3.00 0.0000 0 0 1.0000 -0.300 0.000 0 0 0 0
42.10 11.460 0.878 3.00 0.0000 0 0 1.0000 -0.300 0.000 0 0 0 0
42.20 11.430 0.891 3.00 0.0000 0 0 1.0000 -0.300 0.000 0 0 0 0
42.30 11.400 0.902 3.00 0.0000 0 0 1.0000 -0.300 0.000 0 0 0 0
42.40 11.370 0.911 3.00 0.0000 0 0 1.0000 -0.300 0.000 0 0 0 0
42.50 11.340 0.920 3.00 0.0000 0 0 1.0000 -0.300 0.000 0 0 0 0
42.60 11.310 0.928 3.00 0.0000 0 0 1.0000 -0.300 0.000 0 0 0 0
42.70 11.280 0.935 3.00 0.0000 0 0 1.0000 -0.300 0.000 0 0 0 0
42.80 11.250 0.942 3.00 0.0000 0 0 1.0000 -0.300 0.000 0 0 0 0
42.90 11.220 0.948 3.00 0.0000 0 0 1.0000 -0.300 0.000 0 0 0 0
43.00 11.190 0.953 3.00 0.0000 0 0 1.0000 -0.300 0.000 0 0 0 0
43.10 11.160 0.958 3.00 0.0000 0 0 1.0000 -0.300 0.000 0 0 0 0
43.20 11.130 0.962 3.00 0.0000 0 0 1.0000 -0.300 0.000 0 0 0 0
43.30 11.100 0.966 3.00 0.0000 0 0 1.0000 -0.300 0.000 0 0 0 0
43.40 11.070 0.969 3.00 0.0000 0 0 1.0000 -0.300 0.000 0 0 0 0
43.50 11.040 0.972 3.00 0.0000 0 0 1.0000 -0.300 0.000 0 0 0 0
43.60 11.010 0.975 3.00 0.0000 0 0 1.0000 -0.300 0.000 0 0 0 0
43.70 10.980 0.977 3.00 0.0000 0 0 1.0000 -0.300 0.000 0 0 0 0
43.80 10.950 0.980 3.00 0.0000 0 0 1.0000 -0.300 0.000 0 0 0 0
43.90 10.920 0.982 3.00 0.0000 0 0 1.0000 -0.300 0.000 0 0 0 0
44.00 10.890 0.984 3.00 0.0000 0 0 1.0000 -0.300 0.000 0 0 0 0
44.10 10.860 0.985 3.00 0.0000 0 0 1.0000 -0.300 0.000 0 0 0 0
44.20 10.830 0.987 3.00 0.0000 0 0 1.0000 -0.300 0.000 0 0 0 0
44.30 10.800 0.988 3.00 0.0000 0 0 1.0000 -0.300 0.000 0 0 0 0
44.40 10.770 0.989 3.00 0.0000 0 0 1.0000 -0.300 0.000 0 0 0 0
44.50 10.740 0.990 3.00 0.0000 0 0 1.0000 -0.300 0.000 0 0 0 0
44.60 10.710 0.991 3.00 0.0000 0 0 1.0000 -0.300 0.000 0 0 0 0
44.70 10.680 0.992 3.00 0.0000 0 0 1.0000 -0.300 0.000 0 0 0 0
44.80 10.650 0.993 3.00 0.0000 0 0 1.0000 -0.300 0.000 0 0 0 0
44.90 10.620 0.994 3.00 0.0000 0 0 1.0000 -0.300 0.000 0 0 0 0
45.00 10.590 0.994 3.00 0.0000 0 0 1.0000 -0.300 0.000 0 0 0 0
45.10 10.560 0.995 3.00 0.0000 0 0 1.0000 -0.300 0.000 0 0 0 0
45.20 10.530 0.995 3.00 0.0000 0 0 1.0000 -0.300 0.000 0 0 0 0
45.30 10.500 0.996 3.00 0.0000 0 0 1.0000 -0.300 0.000 0 0 0 0
45.40 10.470 0.996 3.00 0.0000 0 0 1.0000 -0.300 0.000 0 0 0 0
45.50 10.440 0.997 3.00 0.0000 0 0 1.0000 -0.300 0.000 0 0 0 0
45.60 10.410 0.997 3.00 0.0000 0 0 1.0000 -0.300 0.000 0 0 0 0
45.70 10.380 0.997 3.00 0.0000 0 0 1.0000 -0.300 0.000 0 0 0 0
45.80 10.350 0.998 3.00 0.0000 0 0 1.0000 -0.300 0.000 0 0 0 0
45.90 10.320 0.998 3.00 0.0000 0 0 1.0000 -0.300 0.000 0 0 0 0
46.00 10.290 0.998 3.00 0.0000 0 0 1.0000 -0.300 0.000 0 0 0 0
46.10 10.260 0.998 3.00 0.0000 0 0 1.0000 -0.300 0.000 0 0 0 0
46.20 10.230 0.998 3.00 0.0000 0 0 1.0000 -0.300 0.000 0 0 0 0
46.30 10.200 0.999 3.00 0.0000 0 0 1.0000 -0.300 0.000 0 0 0 0
46.40 10.170 0.999 3.00 0.0000 0 0 1.0000 -0.300 0.000 0 0 0 0
46.50 10.140 0.999 3.00 0.0000 0 0 1.0000 -0.300 0.000 0 0 0 0
46.60 10.110 0.999 3.00 0.0000 0 0 1.0000 -0.300 0.000 0 0 0 0
46.70 10.080 0.999 3.00 0.0000 0 0 1.0000 -0.300 0.000 0 0 0 0
46.80 10.050 0.999 3.00 0.0000 0 0 1.0000 -0.300 0.000 0 0 0 0
46.90 10.020 0.799 3.00 0.0000 0 0 1.0000 -0.300 0.000 0 0 0 0
47.00 9.990 0.619 3.00 0.0000 0 0 1.0000 -0.300 0.000 0 0 0 0
47.10 9.960 0.457 3.00 0.0000 0 0 1.0000 -0.300 0.000 0 0 0 0
47.20 9.930 0.312 3.00 0.0000 0 0 1.0000 -0.300 0.000 0 0 0 0
47.30 9.900 0.180 3.00 0.0000 0 0 1.0000 -0.300 0.000 0 0 0 0
47.40 9.870 0.062 3.00 0.0000 0 0 1.0000 -0.300 0.000 0 0 0 0
47.50 9.840 -0.044 3.00 0.0000 0 0 1.0000 -0.300 0.000 0 0 0 0
47.60 9.810 -0.139 3.00 0.0000 0 0 1.0000 -0.300 0.000 0 0 0 0
47.70 9.780 -0.225 3.00 0.0000 0 0 1.0000 -0.300 0.000 0 0 0 0
47.80 9.750 -0.303 3.00 0.0000 0 0 1.0000 -0.300 0.000 0 0 0 0
47.90 9.720 -0.373 3.00 0.0000 0 0 1.0000 -0.300 0.000 0 0 0 0
48.00 9.690 -0.435 3.00 0.0000 0 0 1.0000 -0.300 0.000 0 0 0 0
48.10 9.660 -0.492 3.00 0.0000 0 0 1.0000 -0.300 0.000 0 0 0 0
48.20 9.630 -0.543 3.00 0.0000 0 0 1.0000 -0.300 0.000 0 0 0 0
48.30 9.600 -0.588 3.00 0.0000 0 0 1.0000 -0.300 0.000 0 0 0 0
48.40 9.570 -0.630 3.00 0.0000 0 0 1.0000 -0.300 0.000 0 0 0 0
48.50 9.540 -0.667 3.00 0.0000 0 0 1.0000 -0.300 0.000 0 0 0 0
48.60 9.510 -0.700 3.00 0.0000 0 0 1.0000 -0.300 0.000 0 0 0 0
48.70 9.480 -0.730 3.00 0.0000 0 0 1.0000 -0.300 0.000 0 0 0 0
48.80 9.450 -0.757 3.00 0.0000 0 0 1.0000 -0.300 0.000 0 0 0 0
48.90 9.420 -0.781 3.00 0.0000 0 0 1.0000 -0.300 0.000 0 0 0 0
49.00 9.390 -0.803 3.00 0.0000 0 0 1.0000 -0.300 0.000 0 0 0 0
49.10 9.360 -0.823 3.00 0.0000 0 0 1.0000 -0.300 0.000 0 0 0 0
49.20 9.330 -0.841 3.00 0.0000 0 0 1.0000 -0.300 0.000 0 0 0 0
49.30 9.300 -0.856 3.00 0.0000 0 0 1.0000 -0.300 0.000 0 0 0 0
49.40 9.270 -0.871 3.00 0.0000 0 0 1.0000 -0.300 0.000 0 0 0 0
49.50 9.240 -0.884 3.00 0.0000 0 0 1.0000 -0.300 0.000 0 0 0 0
49.60 9.210 -0.895 3.00 0.0000 0 0 1.0000 -0.300 0.000 0 0 0 0
49.70 9.180 -0.906 3.00 0.0000 0 0 1.0000 -0.300 0.000 0 0 0 0
49.80 9.150 -0.915 3.00 0.0000 0 0 1.0000 -0.300 0.000 0 0 0 0
49.90 9.120 -0.924 3.00 0.0000 0 0 1.0000 -0.300 0.000 0 0 0 0
50.00 9.090 -0.931 3.00 0.0000 0 0 1.0000 -0.300 0.000 0 0 0 0
50.10 9.060 -0.938 3.00 0.0000 0 0 1.0000 -0.300 0.000 0 0 0 0
50.20 9.030 -0.944 3.00 0.0000 0 0 1.0000 -0.300 0.000 0 0 0 0
50.30 9.000 -0.950 3.00 0.0000 0 0 1.0000 -0.300 0.000 0 0 0 0
50.40 8.970 -0.955 3.00 0.0000 0 0 1.0000 -0.300 0.000 0 0 0 0
50.50 8.940 -0.959 3.00 0.0000 0 0 1.0000 -0.300 0.000 0 0 0 0
50.60 8.910 -0.964 3.00 0.0000 0 0 1.0000 -0.300 0.000 0 0 0 0
50.70 8.880 -0.967 3.00 0.0000 0 0 1.0000 -0.300 0.000 0 0 0 0
50.80 8.850 -0.970 3.00 0.0000 0 0 1.0000 -0.300 0.000 0 0 0 0
50.90 8.820 -0.973 3.00 0.0000 0 0 1.0000 -0.300 0.000 0 0 0 0
51.00 8.790 -0.976 3.00 0.0000 0 0 1.0000 -0.300 0.000 0 0 0 0
51.10 8.760 -0.978 3.00 0.0000 0 0 1.0000 -0.300 0.000 0 0 0 0
51.20 8.730 -0.981 3.00 0.0000 0 0 1.0000 -0.300 0.000 0 0 0 0
51.30 8.700 -0.983 3.00 0.0000 0 0 1.0000 -0.300 0.000 0 0 0 0
51.40 8.670 -0.984 3.00 0.0000 0 0 1.0000 -0.300 0.000 0 0 0 0
51.50 8.640 -0.986 3.00 0.0000 0 0 1.0000 -0.300 0.000 0 0 0 0
51.60 8.610 -0.987 3.00 0.0000 0 0 1.0000 -0.300 0.000 0 0 0 0
51.70 8.580 -0.989 3.00 0.0000 0 0 1.0000 -0.300 0.000 0 0 0 0
51.80 8.550 -0.990 3.00 0.0000 0 0 1.0000 -0.300 0.000 0 0 0 0
51.90 8.520 -0.991 3.00 0.0000 0 0 1.0000 -0.300 0.000 0 0 0 0
52.00 8.490 -0.992 3.00 0.0000 0 0 1.0000 -0.300 0.000 0 0 0 0
52.10 8.460 -0.992 3.00 0.0000 0 0 1.0000 -0.300 0.000 0 0 0 0
52.20 8.430 -0.993 3.00 0.0000 0 0 1.0000 -0.300 0.000 0 0 0 0
52.30 8.400 -0.994 3.00 0.0000 0 0 1.0000 -0.300 0.000 0 0 0 0
52.40 8.370 -0.995 3.00 0.0000 0 0 1.0000 -0.300 0.000 0 0 0 0
52.50 8.340 -0.995 3.00 0.0000 0 0 1.0000 -0.300 0.000 0 0 0 0
52.60 8.310 -0.996 3.00 0.0000 0 0 1.0000 -0.300 0.000 0 0 0 0
52.70 8.280 -0.996 3.00 0.0000 0 0 1.0000 -0.300 0.000 0 0 0 0
52.80 8.250 -0.996 3.00 0.0000 0 0 1.0000 -0.300 0.000 0 0 0 0
52.90 8.220 -0.997 3.00 0.0000 0 0 1.0000 -0.300 0.000 0 0 0 0
53.00 8.190 -0.997 3.00 0.0000 0 0 1.0000 -0.300 0.000 0 0 0 0
53.10 8.160 -0.997 3.00 0.0000 0 0 1.0000 -0.300 0.000 0 0 0 0
53.20 8.130 -0.998 3.00 0.0000 0 0 1.0000 -0.300 0.000 0 0 0 0
53.30 8.100 -0.998 3.00 0.0000 0 0 1.0000 -0.300 0.000 0 0 0 0
53.40 8.070 -0.998 3.00 0.0000 0 0 1.0000 -0.300 0.000 0 0 0 0
53.50 8.040 -0.998 3.00 0.0000 0 0 1.0000 -0.300 0.000 0 0 0 0
53.60 8.010 -0.798 3.00 0.0000 0 0 1.0000 -0.300 0.000 0 0 0 0
53.70 7.980 -0.619 3.00 0.0000 0 0 1.0000 -0.300 0.000 0 0 0 0
53.80 7.950 -0.457 3.00 0.0000 0 0 1.0000 -0.300 0.000 0 0 0 0
53.90 7.920 -0.311 3.00 0.0000 0 0 1.0000 -0.300 0.000 0 0 0 0
54.00 7.890 -0.180 3.00 0.0000 0 0 1.0000 -0.300 0.000 0 0 0 0
54.10 7.860 -0.062 3.00 0.0000 0 0 1.0000 -0.300 0.000 0 0 0 0
54.20 7.830 0.044 3.00 0.0000 0 0 1.0000 -0.300 0.000 0 0 0 0
54.30 7.800 0.140 3.00 0.0000 0 0 1.0000 -0.300 0.000 0 0 0 0
54.40 7.770 0.226 3.00 0.0000 0 0 1.0000 -0.300 0.000 0 0 0 0
54.50 7.740 0.303 3.00 0.0000 0 0 1.0000 -0.300 0.000 0 0 0 0
54.60 7.710 0.373 3.00 0.0000 0 0 1.0000 -0.300 0.000 0 0 0 0
54.70 7.680 0.436 3.00 0.0000 0 0 1.0000 -0.300 0.000 0 0 0 0
54.80 7.650 0.492 3.00 0.0000 0 0 1.0000 -0.300 0.000 0 0 0 0
54.90 7.620 0.543 3.00 0.0000 0 0 1.0000 -0.300 0.000 0 0 0 0
55.00 7.590 0.589 3.00 0.0000 0 0 1.0000 -0.300 0.000 0 0 0 0
55.10 7.560 0.630 3.00 0.0000 0 0 1.0000 -0.300 0.000 0 0 0 0
55.20 7.530 0.667 3.00 0.0000 0 0 1.0000 -0.300 0.000 0 0 0 0
55.30 7.500 0.700 3.00 0.0000 0 0 1.0000 -0.300 0.000 0 0 0 0
55.40 7.470 0.730 3.00 0.0000 0 0 1.0000 -0.300 0.000 0 0 0 0
55.50 7.440 0.757 3.00 0.0000 0 0 1.0000 -0.300 0.000 0 0 0 0
55.60 7.410 0.781 3.00 0.0000 0 0 1.0000 -0.300 0.000 0 0 0 0
55.70 7.380 0.803 3.00 0.0000 0 0 1.0000 -0.300 0.000 0 0 0 0
55.80 7.350 0.823 3.00 0.0000 0 0 1.0000 -0.300 0.000 0 0 0 0
55.90 7.320 0.841 3.00 0.0000 0 0 1.0000 -0.300 0.000 0 0 0 0
56.00 7.290 0.857 3.00 0.0000 0 0 1.0000 -0.300 0.000 0 0 0 0
56.10 7.260 0.871 3.00 0.0000 0 0 1.0000 -0.300 0.000 0 0 0 0
56.20 7.230 0.884 3.00 0.0000 0 0 1.0000 -0.300 0.000 0 0 0 0
56.30 7.200 0.895 3.00 0.0000 0 0 1.0000 -0.300 0.000 0 0 0 0
56.40 7.170 0.906 3.00 0.0000 0 0 1.0000 -0.300 0.000 0 0 0 0
56.50 7.140 0.915 3.00 0.0000 0 0 1.0000 -0.300 0.000 0 0 0 0
56.60 7.110 0.924 3.00 0.0000 0 0 1.0000 -0.300 0.000 0 0 0 0
56.70 7.080 0.931 3.00 0.0000 0 0 1.0000 -0.300 0.000 0 0 0 0
56.80 7.050 0.938 3.00 0.0000 0 0 1.0000 -0.300 0.000 0 0 0 0
56.90 7.020 0.944 3.00 0.0000 0 0 1.0000 -0.300 0.000 0 0 0 0
57.00 6.990 0.950 3.00 0.0000 0 0 1.0000 -0.300 0.000 0 0 0 0
57.10 6.960 0.955 3.00 0.0000 0 0 1.0000 -0.300 0.000 0 0 0 0
57.20 6.930 0.959 3.00 0.0000 0 0 1.0000 -0.300 0.000 0 0 0 0
57.30 6.900 0.964 3.00 0.0000 0 0 1.0000 -0.300 0.000 0 0 0 0
57.40 6.870 0.967 3.00 0.0000 0 0 1.0000 -0.300 0.000 0 0 0 0
57.50 6.840 0.970 3.00 0.0000 0 0 1.0000 -0.300 0.000 0 0 0 0
57.60 6.810 0.973 3.00 0.0000 0 0 1.0000 -0.300 0.000 0 0 0 0
57.70 6.780 0.976 3.00 0.0000 0 0 1.0000 -0.300 0.000 0 0 0 0
57.80 6.750 0.978 3.00 0.0000 0 0 1.0000 -0.300 0.000 0 0 0 0
57.90 6.720 0.981 3.00 0.0000 0 0 1.0000 -0.300 0.000 0 0 0 0
58.00 6.690 0.983 3.00 0.0000 0 0 1.0000 -0.300 0.000 0 0 0 0
58.10 6.660 0.984 3.00 0.0000 0 0 1.0000 -0.300 0.000 0 0 0 0
58.20 6.630 0.986 3.00 0.0000 0 0 1.0000 -0.300 0.000 0 0 0 0
58.30 6.600 0.987 3.00 0.0000 0 0 1.0000 -0.300 0.000 0 0 0 0
58.40 6.570 0.989 3.00 0.0000 0 0 1.0000 -0.300 0.000 0 0 0 0
58.50 6.540 0.990 3.00 0.0000 0 0 1.0000 -0.300 0.000 0 0 0 0
58.60 6.510 0.991 3.00 0.0000 0 0 1.0000 -0.300 0.000 0 0 0 0
58.70 6.480 0.992 3.00 0.0000 0 0 1.0000 -0.300 0.000 0 0 0 0
58.80 6.450 0.992 3.00 0.0000 0 0 1.0000 -0.300 0.000 0 0 0 0
58.90 6.420 0.993 3.00 0.0000 0 0 1.0000 -0.300 0.000 0 0 0 0
59.00 6.390 0.994 3.00 0.0000 0 0 1.0000 -0.300 0.000 0 0 0 0
59.10 6.360 0.995 3.00 0.0000 0 0 1.0000 -0.300 0.000 0 0 0 0
59.20 6.330 0.995 3.00 0.0000 0 0 1.0000 -0.300 0.000 0 0 0 0
59.30 6.300 0.996 3.00 0.0000 0 0 1.0000 -0.300 0.000 0 0 0 0
59.40 6.270 0.996 3.00 0.0000 0 0 1.0000 -0.300 0.000 0 0 0 0
59.50 6.240 0.996 3.00 0.0000 0 0 1.0000 -0.300 0.000 0 0 0 0
59.60 6.210 0.997 3.00 0.0000 0 0 1.0000 -0.300 0.000 0 0 0 0
59.70 6.180 0.997 3.00 0.0000 0 0 1.0000 -0.300 0.000 0 0 0 0
59.80 6.150 0.997 3.00 0.0000 0 0 1.0000 -0.300 0.000 0 0 0 0
59.90 6.120 0.998 3.00 0.0000 0 0 1.0000 -0.300 0.000 0 0 0 0
60.00 6.090 0.998 3.00 0.0000 0 0 1.0000 -0.300 0.000 0 0 0 0
60.10 6.060 0.998 3.00 0.0000 0 0 1.0000 -0.300 0.000 0 0 0 0
60.20 6.030 0.998 3.00 0.0000 0 0 1.0000 -0.300 0.000 0 0 0 0
60.30 6.000 0.798 3.00 0.0000 0 0 1.0000 -0.300 0.000 0 0 0 0
60.40 5.970 0.619 3.00 0.0000 0 0 1.0000 -0.300 0.000 0 0 0 0
60.50 5.940 0.457 3.00 0.0000 0 0 1.0000 -0.300 0.000 0 0 0 0
60.60 5.910 0.311 3.00 0.0000 0 0 1.0000 -0.300 0.000 0 0 0 0
60.70 5.880 0.180 3.00 0.0000 0 0 1.0000 -0.300 0.000 0 0 0 0
60.80 5.850 0.062 3.00 0.0000 0 0 1.0000 -0.300 0.000 0 0 0 0
60.90 5.820 -0.044 3.00 0.0000 0 0 1.0000 -0.300 0.000 0 0 0 0
61.00 5.790 -0.140 3.00 0.0000 0 0 1.0000 -0.300 0.000 0 0 0 0
61.10 5.760 -0.226 3.00 0.0000 0 0 1.0000 -0.300 0.000 0 0 0 0
61.20 5.730 -0.303 3.00 0.0000 0 0 1.0000 -0.300 0.000 0 0 0 0
61.30 5.700 -0.373 3.00 0.0000 0 0 1.0000 -0.300 0.000 0 0 0 0
61.40 5.670 -0.436 3.00 0.0000 0 0 1.0000 -0.300 0.000 0 0 0 0
61.50 5.640 -0.492 3.00 0.0000 0 0 1.0000 -0.300 0.000 0 0 0 0
61.60 5.610 -0.543 3.00 0.0000 0 0 1.0000 -0.300 0.000 0 0 0 0
61.70 5.580 -0.589 3.00 0.0000 0 0 1.0000 -0.300 0.000 0 0 0 0
61.80 5.550 -0.630 3.00 0.0000 0 0 1.0000 -0.300 0.000 0 0 0 0
61.90 5.520 -0.667 3.00 0.0000 0 0 1.0000 -0.300 0.000 0 0 0 0
62.00 5.490 -0.700 3.00 0.0000 0 0 1.0000 -0.300 0.000 0 0 0 0
62.10 5.460 -0.730 3.00 0.0000 0 0 1.0000 -0.300 0.000 0 0 0 0
62.20 5.430 -0.757 3.00 0.0000 0 0 1.0000 -0.300 0.000 0 0 0 0
62.30 5.400 -0.781 3.00 0.0000 0 0 1.0000 -0.300 0.000 0 0 0 0
62.40 5.370 -0.803 3.00 0.0000 0 0 1.0000 -0.300 0.000 0 0 0 0
62.50 5.340 -0.823 3.00 0.0000 0 0 1.0000 -0.300 0.000 0 0 0 0
62.60 5.310 -0.841 3.00 0.0000 0 0 1.0000 -0.300 0.000 0 0 0 0
62.70 5.280 -0.857 3.00 0.0000 0 0 1.0000 -0.300 0.000 0 0 0 0
62.80 5.250 -0.871 3.00 0.0000 0 0 1.0000 -0.300 0.000 0 0 0 0
62.90 5.220 -0.884 3.00 0.0000 0 0 1.0000 -0.300 0.000 0 0 0 0
63.00 5.190 -0.895 3.00 0.0000 0 0 1.0000 -0.300 0.000 0 0 0 0
63.10 5.160 -0.906 3.00 0.0000 0 0 1.0000 -0.300 0.000 0 0 0 0
63.20 5.130 -0.915 3.00 0.0000 0 0 1.0000 -0.300 0.000 0 0 0 0
63.30 5.100 -0.924 3.00 0.0000 0 0 1.0000 -0.300 0.000 0 0 0 0
63.40 5.070 -0.931 3.00 0.0000 0 0 1.0000 -0.300 0.000 0 0 0 0
63.50 5.040 -0.938 3.00 0.0000 0 0 1.0000 -0.300 0.000 0 0 0 0
63.60 5.010 -0.944 3.00 0.0000 0 0 1.0000 -0.300 0.000 0 0 0 0
63.70 4.980 -0.950 3.00 0.0000 0 0 1.0000 -0.300 0.000 0 0 0 0
63.80 4.950 -0.955 3.00 0.0000 0 0 1.0000 -0.300 0.000 0 0 0 0
63.90 4.920 -0.959 3.00 0.0000 0 0 1.0000 -0.300 0.000 0 0 0 0
64.00 4.890 -0.964 3.00 0.0000 0 0 1.0000 -0.300 0.000 0 0 0 0
64.10 4.860 -0.967 3.00 0.0000 0 0 1.0000 -0.300 0.000 0 0 0 0
64.20 4.830 -0.970 3.00 0.0000 0 0 1.0000 -0.300 0.000 0 0 0 0
64.30 4.800 -0.973 3.00 0.0000 0 0 1.0000 -0.300 0.000 0 0 0 0
64.40 4.770 -0.976 3.00 0.0000 0 0 1.0000 -0.300 0.000 0 0 0 0
64.50 4.740 -0.978 3.00 0.0000 0 0 1.0000 -0.300 0.000 0 0 0 0
64.60 4.710 -0.981 3.00 0.0000 0 0 1.0000 -0.300 0.000 0 0 0 0
64.70 4.680 -0.983 3.00 0.0000 0 0 1.0000 -0.300 0.000 0 0 0 0
64.80 4.650 -0.984 3.00 0.0000 0 0 1.0000 -0.300 0.000 0 0 0 0
64.90 4.620 -0.986 3.00 0.0000 0 0 1.0000 -0.300 0.000 0 0 0 0
65.00 4.590 -0.987 3.00 0.0000 0 0 1.0000 -0.300 0.000 0 0 0 0
65.10 4.560 -0.989 3.00 0.0000 0 0 1.0000 -0.300 0.000 0 0 0 0
65.20 4.530 -0.990 3.00 0.0000 0 0 1.0000 -0.300 0.000 0 0 0 0
65.30 4.500 -0.991 3.00 0.0000 0 0 1.0000 -0.300 0.000 0 0 0 0
65.40 4.470 -0.992 3.00 0.0000 0 0 1.0000 -0.300 0.000 0 0 0 0
65.50 4.440 -0.992 3.00 0.0000 0 0 1.0000 -0.300 0.000 0 0 0 0
65.60 4.410 -0.993 3.00 0.0000 0 0 1.0000 -0.300 0.000 0 0 0 0
65.70 4.380 -0.994 3.00 0.0000 0 0 1.0000 -0.300 0.000 0 0 0 0
65.80 4.350 -0.995 3.00 0.0000 0 0 1.0000 -0.300 0.000 0 0 0 0
65.90 4.320 -0.995 3.00 0.0000 0 0 1.0000 -0.300 0.000 0 0 0 0
66.00 4.290 -0.996 3.00 0.0000 0 0 1.0000 -0.300 0.000 0 0 0 0
66.10 4.260 -0.996 3.00 0.0000 0 0 1.0000 -0.300 0.000 0 0 0 0
66.20 4.230 -0.996 3.00 0.0000 0 0 1.0000 -0.300 0.000 0 0 0 0
66.30 4.200 -0.997 3.00 0.0000 0 0 1.0000 -0.300 0.000 0 0 0 0
66.40 4.170 -0.997 3.00 0.0000 0 0 1.0000 -0.300 0.000 0 0 0 0
66.50 4.140 -0.997 3.00 0.0000 0 0 1.0000 -0.300 0.000 0 0 0 0
66.60 4.110 -0.998 3.00 0.0000 0 0 1.0000 -0.300 0.000 0 0 0 0
66.70 4.080 -0.998 3.00 0.0000 0 0 1.0000 -0.300 0.000 0 0 0 0
66.80 4.050 -0.998 3.00 0.0000 0 0 1.0000 -0.300 0.000 0 0 0 0
66.90 4.020 -0.998 3.00 0.0000 0 0 1.0000 -0.300 0.000 0 0 0 0
67.00 3.990 -0.798 3.00 0.0000 0 0 1.0000 -0.300 0.000 0 0 0 0
67.10 3.960 -0.619 3.00 0.0000 0 0 1.0000 -0.300 0.000 0 0 0 0
67.20 3.930 -0.457 3.00 0.0000 0 0 1.0000 -0.300 0.000 0 0 0 0
67.30 3.900 -0.311 3.00 0.0000 0 0 1.0000 -0.300 0.000 0 0 0 0
67.40 3.870 -0.180 3.00 0.0000 0 0 1.0000 -0.300 0.000 0 0 0 0
67.50 3.840 -0.062 3.00 0.0000 0 0 1.0000 -0.300 0.000 0 0 0 0
67.60 3.810 0.044 3.00 0.0000 0 0 1.0000 -0.300 0.000 0 0 0 0
67.70 3.780 0.140 3.00 0.0000 0 0 1.0000 -0.300 0.000 0 0 0 0
67.80 3.750 0.226 3.00 0.0000 0 0 1.0000 -0.300 0.000 0 0 0 0
67.90 3.720 0.303 3.00 0.0000 0 0 1.0000 -0.300 0.000 0 0 0 0
68.00 3.690 0.373 3.00 0.0000 0 0 1.0000 -0.300 0.000 0 0 0 0
68.10 3.660 0.436 3.00 0.0000 0 0 1.0000 -0.300 0.000 0 0 0 0
68.20 3.630 0.492 3.00 0.0000 0 0 1.0000 -0.300 0.000 0 0 0 0
68.30 3.600 0.543 3.00 0.0000 0 0 1.0000 -0.300 0.000 0 0 0 0
68.40 3.570 0.589 3.00 0.0000 0 0 1.0000 -0.300 0.000 0 0 0 0
68.50 3.540 0.630 3.00 0.0000 0 0 1.0000 -0.300 0.000 0 0 0 0
68.60 3.510 0.667 3.00 0.0000 0 0 1.0000 -0.300 0.000 0 0 0 0
68.70 3.480 0.700 3.00 0.0000 0 0 1.0000 -0.300 0.000 0 0 0 0
68.80 3.450 0.730 3.00 0.0000 0 0 1.0000 -0.300 0.000 0 0 0 0
68.90 3.420 0.757 3.00 0.0000 0 0 1.0000 -0.300 0.000 0 0 0 0
69.00 3.390 0.781 3.00 0.0000 0 0 1.0000 -0.300 0.000 0 0 0 0
69.10 3.360 0.803 3.00 0.0000 0 0 1.0000 -0.300 0.000 0 0 0 0
69.20 3.330 0.823 3.00 0.0000 0 0 1.0000 -0.300 0.000 0 0 0 0
69.30 3.300 0.841 3.00 0.0000 0 0 1.0000 -0.300 0.000 0 0 0 0
69.40 3.270 0.857 3.00 0.0000 0 0 1.0000 -0.300 0.000 0 0 0 0
69.50 3.240 0.871 3.00 0.0000 0 0 1.0000 -0.300 0.000 0 0 0 0
69.60 3.210 0.884 3.00 0.0000 0 0 1.0000 -0.300 0.000 0 0 0 0
69.70 3.180 0.895 3.00 0.0000 0 0 1.0000 -0.300 0.000 0 0 0 0
69.80 3.150 0.906 3.00 0.0000 0 0 1.0000 -0.300 0.000 0 0 0 0
69.90 3.120 0.915 3.00 0.0000 0 0 1.0000 -0.300 0.000 0 0 0 0
70.00 3.090 0.924 3.00 0.0000 0 0 1.0000 -0.300 0.000 0 0 0 0
70.10 3.060 0.931 3.00 0.0000 0 0 1.0000 -0.300 0.000 0 0 0 0
70.20 3.030 0.938 3.00 0.0000 0 0 1.0000 -0.300 0.000 0 0 0 0
70.30 3.000 0.944 3.00 0.0000 0 0 1.0000 -0.300 0.000 0 0 0 0
70.40 2.970 0.950 3.00 0.0000 0 0 1.0000 -0.300 0.000 0 0 0 0
70.50 2.940 0.955 3.00 0.0000 0 0 1.0000 -0.300 0.000 0 0 0 0
70.60 2.910 0.959 3.00 0.0000 0 0 1.0000 -0.300 0.000 0 0 0 0
70.70 2.880 0.964 3.00 0.0000 0 0 1.0000 -0.300 0.000 0 0 0 0
70.80 2.850 0.967 3.00 0.0000 0 0 1.0000 -0.300 0.000 0 0 0 0
70.90 2.820 0.970 3.00 0.0000 0 0 1.0000 -0.300 0.000 0 0 0 0
71.00 2.790 0.973 3.00 0.0000 0 0 1.0000 -0.300 0.000 0 0 0 0
71.10 2.760 0.976 3.00 0.0000 0 0 1.0000 -0.300 0.000 0 0 0 0
71.20 2.730 0.978 3.00 0.0000 0 0 1.0000 -0.300 0.000 0 0 0 0
71.30 2.700 0.981 3.00 0.0000 0 0 1.0000 -0.300 0.000 0 0 0 0
71.40 2.670 0.983 3.00 0.0000 0 0 1.0000 -0.300 0.000 0 0 0 0
71.50 2.640 0.984 3.00 0.0000 0 0 1.0000 -0.300 0.000 0 0 0 0
71.60 2.610 0.986 3.00 0.0000 0 0 1.0000 -0.300 0.000 0 0 0 0
71.70 2.580 0.987 3.00 0.0000 0 0 1.0000 -0.300 0.000 0 0 0 0
71.80 2.550 0.989 3.00 0.0000 0 0 1.0000 -0.300 0.000 0 0 0 0
71.90 2.520 0.990 3.00 0.0000 0 0 1.0000 -0.300 0.000 0 0 0 0
72.00 2.490 0.991 3.00 0.0000 0 0 1.0000 -0.300 0.000 0 0 0 0
72.10 2.460 0.992 3.00 0.0000 0 0 1.0000 -0.300 0.000 0 0 0 0
72.20 2.430 0.992 3.00 0.0000 0 0 1.0000 -0.300 0.000 0 0 0 0
72.30 2.400 0.993 3.00 0.0000 0 0 1.0000 -0.300 0.000 0 0 0 0
72.40 2.370 0.994 3.00 0.0000 0 0 1.0000 -0.300 0.000 0 0 0 0
72.50 2.340 0.995 3.00 0.0000 0 0 1.0000 -0.300 0.000 0 0 0 0
72.60 2.310 0.995 3.00 0.0000 0 0 1.0000 -0.300 0.000 0 0 0 0
72.70 2.280 0.996 3.00 0.0000 0 0 1.0000 -0.300 0.000 0 0 0 0
72.80 2.250 0.996 3.00 0.0000 0 0 1.0000 -0.300 0.000 0 0 0 0
72.90 2.220 0.996 3.00 0.0000 0 0 1.0000 -0.300 0.000 0 0 0 0
73.00 2.190 0.997 3.00 0.0000 0 0 1.0000 -0.300 0.000 0 0 0 0
73.10 2.160 0.997 3.00 0.0000 0 0 1.0000 -0.300 0.000 0 0 0 0
73.20 2.130 0.997 3.00 0.0000 0 0 1.0000 -0.300 0.000 0 0 0 0
73.30 2.100 0.998 3.00 0.0000 0 0 1.0000 -0.300 0.000 0 0 0 0
73.40 2.070 0.998 3.00 0.0000 0 0 1.0000 -0.300 0.000 0 0 0 0
73.50 2.040 0.998 3.00 0.0000 0 0 1.0000 -0.300 0.000 0 0 0 0
73.60 2.010 0.998 3.00 0.0000 0 0 1.0000 -0.300 0.000 0 0 0 0
73.70 1.980 0.798 3.00 0.0000 0 0 1.0000 -0.300 0.000 0 0 0 0
73.80 1.950 0.619 3.00 0.0000 0 0 1.0000 -0.300 0.000 0 0 0 0
73.90 1.920 0.457 3.00 0.0000 0 0 1.0000 -0.300 0.000 0 0 0 0
74.00 1.890 0.311 3.00 0.0000 0 0 1.0000 -0.300 0.000 0 0 0 0
74.10 1.860 0.180 3.00 0.0000 0 0 1.0000 -0.300 0.000 0 0 0 0
74.20 1.830 0.062 3.00 0.0000 0 0 1.0000 -0.300 0.000 0 0 0 0
74.30 1.800 -0.044 3.00 0.0000 0 0 1.0000 -0.300 0.000 0 0 0 0
74.40 1.770 -0.140 3.00 0.0000 0 0 1.0000 -0.300 0.000 0 0 0 0
74.50 1.740 -0.226 3.00 0.0000 0 0 1.0000 -0.300 0.000 0 0 0 0
74.60 1.710 -0.303 3.00 0.0000 0 0 1.0000 -0.300 0.000 0 0 0 0
74.70 1.680 -0.373 3.00 0.0000 0 0 1.0000 -0.300 0.000 0 0 0 0
74.80 1.650 -0.436 3.00 0.0000 0 0 1.0000 -0.300 0.000 0 0 0 0
74.90 1.620 -0.492 3.00 0.0000 0 0 1.0000 -0.300 0.000 0 0 0 0
75.00 1.590 -0.543 3.00 0.0000 0 0 1.0000 -0.300 0.000 0 0 0 0
75.10 1.560 -0.589 3.00 0.0000 0 0 1.0000 -0.300 0.000 0 0 0 0
75.20 1.530 -0.630 3.00 0.0000 0 0 1.0000 -0.300 0.000 0 0 0 0
75.30 1.500 -0.667 3.00 0.0000 0 0 1.0000 -0.300 0.000 0 0 0 0
75.40 1.470 -0.700 3.00 0.0000 0 0 1.0000 -0.300 0.000 0 0 0 0
75.50 1.440 -0.730 3.00 0.0000 0 0 1.0000 -0.300 0.000 0 0 0 0
75.60 1.410 -0.757 3.00 0.0000 0 0 1.0000 -0.300 0.000 0 0 0 0
75.70 1.380 -0.781 3.00 0.0000 0 0 1.0000 -0.300 0.000 0 0 0 0
75.80 1.350 -0.803 3.00 0.0000 0 0 1.0000 -0.300 0.000 0 0 0 0
75.90 1.320 -0.823 3.00 0.0000 0 0 1.0000 -0.300 0.000 0 0 0 0
76.00 1.290 -0.841 3.00 0.0000 0 0 1.0000 -0.300 0.000 0 0 0 0
76.10 1.260 -0.857 3.00 0.0000 0 0 1.0000 -0.300 0.000 0 0 0 0
76.20 1.230 -0.871 3.00 0.0000 0 0 1.0000 -0.300 0.000 0 0 0 0
76.30 1.200 -0.884 3.00 0.0000 0 0 1.0000 -0.300 0.000 0 0 0 0
76.40 1.170 -0.895 3.00 0.0000 0 0 1.0000 -0.300 0.000 0 0 0 0
76.50 1.140 -0.906 3.00 0.0000 0 0 1.0000 -0.300 0.000 0 0 0 0
76.60 1.110 -0.915 3.00 0.0000 0 0 1.0000 -0.300 0.000 0 0 0 0
76.70 1.080 -0.924 3.00 0.0000 0 0 1.0000 -0.300 0.000 0 0 0 0
76.80 1.050 -0.931 3.00 0.0000 0 0 1.0000 -0.300 0.000 0 0 0 0
76.90 1.020 -0.938 3.00 0.0000 0 0 1.0000 -0.300 0.000 0 0 0 0
77.00 0.990 -0.944 3.00 0.0000 0 0 1.0000 -0.300 0.000 0 0 0 0
77.10 0.960 -0.950 3.00 0.0000 0 0 1.0000 -0.300 0.000 0 0 0 0
77.20 0.930 -0.955 3.00 0.0000 0 0 1.0000 -0.300 0.000 0 0 0 0
77.30 0.900 -0.959 3.00 0.0000 0 0 1.0000 -0.300 0.000 0 0 0 0
77.40 0.870 -0.964 3.00 0.0000 0 0 1.0000 -0.300 0.000 0 0 0 0
77.50 0.840 -0.967 3.00 0.0000 0 0 1.0000 -0.300 0.000 0 0 0 0
77.60 0.810 -0.970 3.00 0.0000 0 0 1.0000 -0.300 0.000 0 0 0 0
77.70 0.780 -0.973 3.00 0.0000 0 0 1.0000 -0.300 0.000 0 0 0 0
77.80 0.750 -0.976 3.00 0.0000 0 0 1.0000 -0.300 0.000 0 0 0 0
77.90 0.720 -0.978 3.00 0.0000 0 0 1.0000 -0.300 0.000 0 0 0 0
78.00 0.690 -0.981 3.00 0.0000 0 0 1.0000 -0.300 0.000 0 0 0 0
78.10 0.660 -0.983 3.00 0.0000 0 0 1.0000 -0.300 0.000 0 0 0 0
78.20 0.630 -0.984 3.00 0.0000 0 0 1.0000 -0.300 0.000 0 0 0 0
78.30 0.600 -0.986 3.00 0.0000 0 0 1.0000 -0.300 0.000 0 0 0 0
78.40 0.570 -0.987 3.00 0.0000 0 0 1.0000 -0.300 0.000 0 0 0 0
78.50 0.540 -0.989 3.00 0.0000 0 0 1.0000 -0.300 0.000 0 0 0 0
78.60 0.510 -0.990 3.00 0.0000 0 0 1.0000 -0.300 0.000 0 0 0 0
78.70 0.480 -0.991 3.00 0.0000 0 0 1.0000 -0.300 0.000 0 0 0 0
78.80 0.450 -0.992 3.00 0.0000 0 0 1.0000 -0.300 0.000 0 0 0 0
78.90 0.420 -0.992 3.00 0.0000 0 0 1.0000 -0.300 0.000 0 0 0 0
79.00 0.390 -0.993 3.00 0.0000 0 0 1.0000 -0.300 0.000 0 0 0 0
79.10 0.360 -0.994 3.00 0.0000 0 0 1.0000 -0.300 0.000 0 0 0 0
79.20 0.330 -0.995 3.00 0.0000 0 0 1.0000 -0.300 0.000 0 0 0 0
79.30 0.300 -0.995 3.00 0.0000 0 0 1.0000 -0.300 0.000 0 0 0 0
79.40 0.270 -0.996 3.00 0.0000 0 0 1.0000 -0.300 0.000 0 0 0 0
79.50 0.240 -0.996 3.00 0.0000 0 0 1.0000 -0.300 0.000 0 0 0 0
79.60 0.210 -0.996 3.00 0.0000 0 0 1.0000 -0.300 0.000 0 0 0 0
79.70 0.180 -0.997 3.00 0.0000 0 0 1.0000 -0.300 0.000 0 0 0 0
79.80 0.150 -0.997 3.00 0.0000 0 0 1.0000 -0.300 0.000 0 0 0 0
79.90 0.120 -0.997 3.00 0.0000 0 0 1.0000 -0.300 0.000 0 0 0 0
80.00 0.090 -0.998 3.00 0.0000 0 0 1.0000 -0.300 0.000 0 0 0 0
80.10 0.060 -0.998 3.00 0.0000 0 0 1.0000 -0.300 0.000 0 0 0 0
80.20 0.030 -0.998 3.00 0.0000 0 0 1.0000 -0.300 0.000 0 0 0 0
80.30 -0.000 -0.998 3.00 0.0000 0 0 1.0000 -0.300 0.000 0 0 0 0
